     Redshift       	 r_mag         	  g-r_col    	 g-r_slope       	  z_mag        	  r-z_col    	 r-z_slope   
0.0200000	13.056313	0.78750992	-0.0267444	-10	-10	-10
0.0300000	13.941015	0.80937576	-0.0280498	-10	-10	-10
0.0400000	14.569544	0.83132744	-0.0293088	-10	-10	-10
0.0500000	15.057384	0.85157967	-0.0305214	-10	-10	-10
0.0600000	15.457125	0.86722565	-0.0316876	-10	-10	-10
0.0700000	15.795690	0.88593102	-0.0328074	-10	-10	-10
0.0800000	16.091479	0.90513611	-0.0338808	-10	-10	-10
0.0900000	16.353795	0.92346573	-0.0349078	-10	-10	-10
0.100000	16.591120	0.94089508	-0.0358883	15.799681	0.79143906	-0.0209824
0.110000	16.832652	0.96468735	-0.0368225	16.040064	0.79258728	-0.0209620
0.120000	17.051238	0.98939133	-0.0377103	16.255334	0.79590416	-0.0209417
0.130000	17.251051	1.0122070	-0.0385517	16.451387	0.79966354	-0.0209213
0.140000	17.433917	1.0424633	-0.0393467	16.632311	0.80160522	-0.0209009
0.150000	17.601095	1.0756836	-0.0400952	16.800495	0.80060005	-0.0208805
0.160000	17.758457	1.1068115	-0.0407974	16.957140	0.80131721	-0.0208601
0.170000	17.908158	1.1348267	-0.0414532	17.106515	0.80164337	-0.0208397
0.180000	18.050333	1.1643009	-0.0420625	17.249783	0.80055046	-0.0208193
0.190000	18.184155	1.1968422	-0.0426255	17.387826	0.79632950	-0.0207990
0.200000	18.309760	1.2298832	-0.0431420	17.515821	0.79393959	-0.0207786
0.210000	18.442096	1.2611504	-0.0436122	17.648436	0.79365921	-0.0207662
0.220000	18.566045	1.2976818	-0.0440360	17.773696	0.79234886	-0.0207539
0.230000	18.685989	1.3307190	-0.0444133	17.893975	0.79201317	-0.0207415
0.240000	18.801598	1.3606720	-0.0447443	18.010821	0.79077721	-0.0207292
0.250000	18.912420	1.3870697	-0.0450288	18.121576	0.79084396	-0.0207168
0.260000	19.017695	1.4171982	-0.0452669	18.226592	0.79110336	-0.0207045
0.270000	19.118995	1.4437275	-0.0454587	18.327257	0.79173851	-0.0206921
0.280000	19.217926	1.4608612	-0.0456040	18.423168	0.79475784	-0.0206798
0.290000	19.314062	1.4844017	-0.0457030	18.513678	0.80038452	-0.0206674
0.300000	19.407110	1.5084572	-0.0457555	18.599526	0.80758476	-0.0206551
0.310000	19.504336	1.5343266	-0.0457616	18.690446	0.81389046	-0.0204911
0.320000	19.600975	1.5588989	-0.0457214	18.779570	0.82140541	-0.0202845
0.330000	19.693413	1.5860977	-0.0456347	18.866460	0.82695389	-0.0201275
0.340000	19.784374	1.6118622	-0.0455016	18.950786	0.83358765	-0.0199782
0.350000	19.872278	1.6386070	-0.0453221	19.032059	0.84021950	-0.0197545
0.360000	19.956398	1.6695614	-0.0450963	19.110803	0.84559441	-0.0195673
0.370000	20.036685	1.7040176	-0.0448240	19.185935	0.85074997	-0.0193463
0.380000	20.113593	1.7240906	-0.0445053	19.257178	0.85641479	-0.0191611
0.390000	20.188087	1.7339439	-0.0441402	19.324207	0.86388016	-0.0191007
0.400000	20.263020	1.7415466	-0.0437287	19.388365	0.87465477	-0.0189954
0.410000	20.341896	1.7538223	-0.0432708	19.456230	0.88566589	-0.0187893
0.420000	20.420412	1.7624664	-0.0427665	19.523370	0.89704132	-0.0184656
0.430000	20.501466	1.7619038	-0.0422158	19.589691	0.91177559	-0.0179454
0.440000	20.583537	1.7606430	-0.0416187	19.654471	0.92906570	-0.0176139
0.450000	20.665706	1.7666931	-0.0409752	19.717914	0.94779205	-0.0175564
0.460000	20.745440	1.7716255	-0.0402853	19.776572	0.96886826	-0.0180489
0.470000	20.822662	1.7713795	-0.0395490	19.832365	0.99029732	-0.0190557
0.480000	20.899396	1.7764435	-0.0387663	19.886180	1.0132160	-0.0199465
0.490000	20.977873	1.7840271	-0.0379372	19.938933	1.0389404	-0.0210609
0.500000	21.050763	1.7970200	-0.0370617	19.988609	1.0621548	-0.0220886
0.510000	21.126048	1.8077927	-0.0361397	20.040389	1.0856590	-0.0228559
0.520000	21.200704	1.8157692	-0.0351714	20.090812	1.1098919	-0.0237326
0.530000	21.273088	1.8202953	-0.0341567	20.140481	1.1326065	-0.0245293
0.540000	21.342288	1.8278999	-0.0330956	20.189090	1.1531982	-0.0253029
0.550000	21.412046	1.8413925	-0.0319880	20.236911	1.1751347	-0.0261331
0.560000	21.481985	1.8518600	-0.0308341	20.283808	1.1981773	-0.0272936
0.570000	21.552075	1.8620281	-0.0296338	20.329390	1.2226849	-0.0287549
0.580000	21.622420	1.8700142	-0.0283870	20.372420	1.2500000	-0.0304336
0.590000	21.693780	1.8734474	-0.0270939	20.414113	1.2796669	-0.0320223
0.600000	21.761845	1.8909607	-0.0257543	20.455807	1.3060379	-0.0335844
0.610000	-10	-10	-10	20.502218	1.3302498	-0.0355747
0.620000	-10	-10	-10	20.551038	1.3507214	-0.0377315
0.630000	-10	-10	-10	20.599315	1.3684006	-0.0398762
0.640000	-10	-10	-10	20.648997	1.3839245	-0.0416826
0.650000	-10	-10	-10	20.698366	1.3995323	-0.0429699
0.660000	-10	-10	-10	20.743948	1.4141884	-0.0436668
0.670000	-10	-10	-10	20.787472	1.4260826	-0.0442934
0.680000	-10	-10	-10	20.830723	1.4415359	-0.0449996
0.690000	-10	-10	-10	20.872303	1.4603271	-0.0460823
0.700000	-10	-10	-10	20.912718	1.4781857	-0.0474522
0.710000	-10	-10	-10	20.954948	1.4969234	-0.0491157
0.720000	-10	-10	-10	20.996341	1.5152016	-0.0508020
0.730000	-10	-10	-10	21.035902	1.5323563	-0.0520547
0.740000	-10	-10	-10	21.074234	1.5501366	-0.0530301
0.750000	-10	-10	-10	21.111899	1.5683918	-0.0534613
0.760000	-10	-10	-10	21.146835	1.5944977	-0.0541833
0.770000	-10	-10	-10	21.178177	1.6227188	-0.0550863
0.780000	-10	-10	-10	21.210117	1.6519737	-0.0550922
0.790000	-10	-10	-10	21.238667	1.6816406	-0.0549447
0.800000	-10	-10	-10	21.267128	1.7024899	-0.0546247
0.810000	-10	-10	-10	21.299036	1.7133942	-0.0536379
0.820000	-10	-10	-10	21.331138	1.7213326	-0.0526475
0.830000	-10	-10	-10	21.362236	1.7297440	-0.0518074
0.840000	-10	-10	-10	21.393938	1.7402515	-0.0513462
0.850000	-10	-10	-10	21.424110	1.7508545	-0.0506487
0.860000	-10	-10	-10	21.455180	1.7604256	-0.0494704
0.870000	-10	-10	-10	21.486577	1.7656956	-0.0478072
0.880000	-10	-10	-10	21.517382	1.7747478	-0.0456029
0.890000	-10	-10	-10	21.546420	1.7858467	-0.0433857
0.900000	-10	-10	-10	21.573871	1.7996254	-0.0412784
0.910000	-10	-10	-10	21.604013	1.8113708	-0.0395564
0.920000	-10	-10	-10	21.632620	1.8210602	-0.0380635
0.930000	-10	-10	-10	21.662821	1.8327980	-0.0364595
0.940000	-10	-10	-10	21.693672	1.8470821	-0.0348213
0.950000	-10	-10	-10	21.723871	1.8598671	-0.0339400
0.960000	-10	-10	-10	21.754803	1.8744736	-0.0338452
0.970000	-10	-10	-10	21.787814	1.8869915	-0.0337503
0.980000	-10	-10	-10	21.820883	1.8967781	-0.0336555
0.990000	-10	-10	-10	21.852463	1.9076614	-0.0335606
1.00000	-10	-10	-10	21.881723	1.9185200	-0.0334658
1.01000	-10	-10	-10	21.912321	1.9289742	-0.0333244
1.02000	-10	-10	-10	21.944281	1.9462852	-0.0331829
1.03000	-10	-10	-10	21.975671	1.9656906	-0.0330415
1.04000	-10	-10	-10	22.006154	1.9803562	-0.0329001
1.05000	-10	-10	-10	22.035248	1.9973717	-0.0327587
1.06000	-10	-10	-10	22.063715	2.0144310	-0.0326173
1.07000	-10	-10	-10	22.093822	2.0283890	-0.0324759
1.08000	-10	-10	-10	22.124135	2.0378609	-0.0323344
1.09000	-10	-10	-10	22.152594	2.0614586	-0.0321930
1.10000	-10	-10	-10	22.180514	2.0705109	-0.0320516
1.11000	-10	-10	-10	22.207953	2.0871391	-0.0320309
1.12000	-10	-10	-10	22.234258	2.1040573	-0.0320101
1.13000	-10	-10	-10	22.261960	2.1184082	-0.0319894
1.14000	-10	-10	-10	22.294749	2.1267166	-0.0319687
1.15000	-10	-10	-10	22.328808	2.1307411	-0.0319479
1.16000	-10	-10	-10	22.364204	2.1434021	-0.0319272
1.17000	-10	-10	-10	22.397742	2.1613197	-0.0319065
1.18000	-10	-10	-10	22.430352	2.1782532	-0.0318857
1.19000	-10	-10	-10	22.464071	2.1928024	-0.0318650
1.20000	-10	-10	-10	22.497886	2.2080765	-0.0318443
1.21000	-10	-10	-10	22.528016	2.2274513	-0.0318656
1.22000	-10	-10	-10	22.560947	2.2225227	-0.0318869
1.23000	-10	-10	-10	22.592509	2.2314453	-0.0319083
1.24000	-10	-10	-10	22.621245	2.2487183	-0.0319296
1.25000	-10	-10	-10	22.648132	2.2588768	-0.0319509
1.26000	-10	-10	-10	22.674021	2.2700119	-0.0319723
1.27000	-10	-10	-10	22.699118	2.2985306	-0.0319936
1.28000	-10	-10	-10	22.724530	2.3056107	-0.0320149
1.29000	-10	-10	-10	22.747311	2.3294678	-0.0320363
1.30000	-10	-10	-10	22.768818	2.3508987	-0.0320576
1.31000	-10	-10	-10	22.790509	2.3599777	-0.0319528
1.32000	-10	-10	-10	22.811346	2.3881454	-0.0318481
1.33000	-10	-10	-10	22.830183	2.4174080	-0.0317433
1.34000	-10	-10	-10	22.849701	2.4397278	-0.0316386
1.35000	-10	-10	-10	22.867381	2.4648170	-0.0315338
1.36000	-10	-10	-10	22.888704	2.5010109	-0.0315225
1.37000	-10	-10	-10	22.909092	2.5064163	-0.0315112
1.38000	-10	-10	-10	22.926826	2.5347328	-0.0314998
1.39000	-10	-10	-10	22.947054	2.5533524	-0.0314885
1.40000	-10	-10	-10	22.961173	2.5941696	-0.0314771
1.41000	-10	-10	-10	22.979823	2.6111183	-0.0313903
1.42000	-10	-10	-10	22.999517	2.6203918	-0.0313034
1.43000	-10	-10	-10	23.015225	2.6538315	-0.0312166
1.44000	-10	-10	-10	23.031988	2.6737785	-0.0311297
1.45000	-10	-10	-10	23.050885	2.7056122	-0.0310429
1.46000	-10	-10	-10	23.068555	2.7191772	-0.0309560
1.47000	-10	-10	-10	23.087177	2.7446747	-0.0308692
1.48000	-10	-10	-10	23.104848	2.7620163	-0.0307823
1.49000	-10	-10	-10	23.118702	2.7771225	-0.0306955
1.50000	-10	-10	-10	23.132151	2.7835922	-0.0306086