  Redshift   r_mag   g-r_col g-r_slope  z_mag   r-z_col r-z_slope
    0.100   16.372    0.945   -0.025  -10.000  -10.000  -10.000
    0.110   16.587    0.967   -0.026  -10.000  -10.000  -10.000
    0.120   16.784    0.991   -0.026  -10.000  -10.000  -10.000
    0.130   16.965    1.012   -0.026  -10.000  -10.000  -10.000
    0.140   17.132    1.039   -0.027  -10.000  -10.000  -10.000
    0.150   17.285    1.071   -0.028  -10.000  -10.000  -10.000
    0.160   17.430    1.102   -0.029  -10.000  -10.000  -10.000
    0.170   17.567    1.132   -0.030  -10.000  -10.000  -10.000
    0.180   17.698    1.162   -0.030  -10.000  -10.000  -10.000
    0.190   17.821    1.195   -0.031  -10.000  -10.000  -10.000
    0.200   17.939    1.229   -0.032  -10.000  -10.000  -10.000
    0.210   18.050    1.262   -0.033  -10.000  -10.000  -10.000
    0.220   18.156    1.300   -0.035  -10.000  -10.000  -10.000
    0.230   18.259    1.334   -0.036  -10.000  -10.000  -10.000
    0.240   18.358    1.365   -0.037  -10.000  -10.000  -10.000
    0.250   18.454    1.393   -0.038  -10.000  -10.000  -10.000
    0.260   18.546    1.424   -0.039  -10.000  -10.000  -10.000
    0.270   18.634    1.450   -0.039  -10.000  -10.000  -10.000
    0.280   18.721    1.466   -0.039  -10.000  -10.000  -10.000
    0.290   18.805    1.489   -0.040  -10.000  -10.000  -10.000
    0.300   18.888    1.513   -0.040  -10.000  -10.000  -10.000
    0.310   18.968    1.538   -0.040  -10.000  -10.000  -10.000
    0.320   19.049    1.563   -0.041  -10.000  -10.000  -10.000
    0.330   19.126    1.592   -0.041  -10.000  -10.000  -10.000
    0.340   19.202    1.621   -0.042  -10.000  -10.000  -10.000
    0.350   19.277    1.651   -0.042   18.491    0.848   -0.013
    0.360   19.348    1.683   -0.042   18.553    0.857   -0.013
    0.370   19.415    1.719   -0.043   18.612    0.865   -0.013
    0.380   19.480    1.739   -0.043   18.669    0.873   -0.013
    0.390   19.542    1.747   -0.042   18.722    0.882   -0.013
    0.400   19.605    1.754   -0.041   18.772    0.895   -0.014
    0.410   19.667    1.765   -0.041   18.820    0.908   -0.014
    0.420   19.729    1.772   -0.039   18.869    0.922   -0.014
    0.430   19.795    1.769   -0.038   18.917    0.939   -0.014
    0.440   19.862    1.768   -0.036   18.965    0.958   -0.015
    0.450   19.929    1.774   -0.035   19.013    0.978   -0.015
    0.460   19.994    1.777   -0.034   19.056    1.000   -0.016
    0.470   20.058    1.774   -0.033   19.099    1.022   -0.017
    0.480   20.122    1.777   -0.032   19.141    1.045   -0.017
    0.490   20.188    1.780   -0.032   19.182    1.071   -0.018
    0.500   20.251    1.785   -0.031   19.223    1.094   -0.019
    0.510   20.314    1.785   -0.031   19.263    1.118   -0.019
    0.520   20.378    1.785   -0.030   19.302    1.143   -0.020
    0.530   20.440    1.777   -0.029   19.341    1.167   -0.020
    0.540   20.500    1.774   -0.028   19.380    1.188   -0.020
    0.550   20.562    1.779   -0.028   19.418    1.212   -0.021
    0.560   20.624    1.783   -0.028   19.457    1.236   -0.021
    0.570   20.685    1.790   -0.028   19.494    1.261   -0.022
    0.580   20.747    1.791   -0.028   19.529    1.289   -0.023
    0.590   20.810    1.787   -0.027   19.563    1.318   -0.024
    0.600   20.869    1.785   -0.027   19.598    1.344   -0.024
    0.610   20.928    1.781   -0.027   19.632    1.369   -0.025
    0.620   20.986    1.777   -0.026   19.668    1.391   -0.025
    0.630   21.041    1.773   -0.026   19.704    1.411   -0.025
    0.640   21.096    1.779   -0.027   19.741    1.428   -0.026
    0.650   21.151    1.791   -0.027   19.779    1.445   -0.026
    0.660   21.203    1.808   -0.028   19.814    1.462   -0.026
    0.670   21.251    1.832   -0.030   19.848    1.476   -0.026
    0.680   21.303    1.854   -0.032   19.881    1.494   -0.026
    0.690   21.357    1.869   -0.034   19.913    1.515   -0.026
    0.700  -10.000  -10.000  -10.000   19.945    1.535   -0.026
    0.710  -10.000  -10.000  -10.000   19.976    1.555   -0.026
    0.720  -10.000  -10.000  -10.000   20.007    1.575   -0.026
    0.730  -10.000  -10.000  -10.000   20.036    1.594   -0.026
    0.740  -10.000  -10.000  -10.000   20.067    1.615   -0.026
    0.750  -10.000  -10.000  -10.000   20.097    1.636   -0.026
    0.760  -10.000  -10.000  -10.000   20.126    1.664   -0.026
    0.770  -10.000  -10.000  -10.000   20.152    1.692   -0.026
    0.780  -10.000  -10.000  -10.000   20.178    1.722   -0.026
    0.790  -10.000  -10.000  -10.000   20.203    1.751   -0.026
    0.800  -10.000  -10.000  -10.000   20.227    1.771   -0.026
    0.810  -10.000  -10.000  -10.000   20.252    1.781   -0.026
    0.820  -10.000  -10.000  -10.000   20.277    1.787   -0.025
    0.830  -10.000  -10.000  -10.000   20.302    1.795   -0.024
    0.840  -10.000  -10.000  -10.000   20.326    1.805   -0.024
    0.850  -10.000  -10.000  -10.000   20.349    1.817   -0.023
    0.860  -10.000  -10.000  -10.000   20.374    1.827   -0.022
    0.870  -10.000  -10.000  -10.000   20.399    1.831   -0.022
    0.880  -10.000  -10.000  -10.000   20.423    1.840   -0.021
    0.890  -10.000  -10.000  -10.000   20.447    1.851   -0.020
    0.900  -10.000  -10.000  -10.000   20.470    1.865   -0.020
    0.910  -10.000  -10.000  -10.000   20.493    1.874   -0.020
    0.920  -10.000  -10.000  -10.000   20.515    1.881   -0.019
    0.930  -10.000  -10.000  -10.000   20.537    1.891   -0.019
    0.940  -10.000  -10.000  -10.000   20.560    1.904   -0.019
    0.950  -10.000  -10.000  -10.000   20.584    1.915   -0.019
    0.960  -10.000  -10.000  -10.000   20.610    1.927   -0.019
    0.970  -10.000  -10.000  -10.000   20.637    1.936   -0.019
    0.980  -10.000  -10.000  -10.000   20.665    1.940   -0.019
    0.990  -10.000  -10.000  -10.000   20.691    1.943   -0.019
    1.000  -10.000  -10.000  -10.000   20.716    1.946   -0.019
    1.010  -10.000  -10.000  -10.000   20.742    1.951   -0.019
    1.020  -10.000  -10.000  -10.000   20.768    1.962   -0.019
    1.030  -10.000  -10.000  -10.000   20.794    1.977   -0.019
    1.040  -10.000  -10.000  -10.000   20.819    1.994   -0.019
    1.050  -10.000  -10.000  -10.000   20.843    2.006   -0.019
    1.060  -10.000  -10.000  -10.000   20.866    2.017   -0.019
    1.070  -10.000  -10.000  -10.000   20.891    2.028   -0.019
    1.080  -10.000  -10.000  -10.000   20.917    2.036   -0.019
    1.090  -10.000  -10.000  -10.000   20.942    2.051   -0.019
    1.100  -10.000  -10.000  -10.000   20.966    2.053   -0.019
    1.110  -10.000  -10.000  -10.000   20.990    2.054   -0.019
    1.120  -10.000  -10.000  -10.000   21.013    2.058   -0.019
    1.130  -10.000  -10.000  -10.000   21.038    2.062   -0.019
    1.140  -10.000  -10.000  -10.000   21.069    2.063   -0.019
    1.150  -10.000  -10.000  -10.000   21.100    2.062   -0.019
    1.160  -10.000  -10.000  -10.000   21.133    2.067   -0.019
    1.170  -10.000  -10.000  -10.000   21.163    2.081   -0.019
    1.180  -10.000  -10.000  -10.000   21.194    2.091   -0.020
    1.190  -10.000  -10.000  -10.000   21.226    2.099   -0.021
    1.200  -10.000  -10.000  -10.000   21.257    2.109   -0.021
    1.210  -10.000  -10.000  -10.000   21.289    2.121   -0.022
    1.220  -10.000  -10.000  -10.000   21.325    2.109   -0.022
    1.230  -10.000  -10.000  -10.000   21.359    2.112   -0.022
    1.240  -10.000  -10.000  -10.000   21.390    2.122   -0.023
    1.250  -10.000  -10.000  -10.000   21.422    2.122   -0.023
    1.260  -10.000  -10.000  -10.000   21.452    2.130   -0.024
    1.270  -10.000  -10.000  -10.000   21.483    2.143   -0.025
    1.280  -10.000  -10.000  -10.000   21.514    2.144   -0.025
    1.290  -10.000  -10.000  -10.000   21.545    2.153   -0.026
    1.300  -10.000  -10.000  -10.000   21.573    2.171   -0.028
    1.310  -10.000  -10.000  -10.000   21.601    2.173   -0.029
    1.320  -10.000  -10.000  -10.000   21.629    2.187   -0.030
    1.330  -10.000  -10.000  -10.000   21.656    2.210   -0.032
    1.340  -10.000  -10.000  -10.000   21.683    2.213   -0.033
    1.350  -10.000  -10.000  -10.000   21.709    2.233   -0.035
    1.360  -10.000  -10.000  -10.000   21.737    2.253   -0.037
    1.370  -10.000  -10.000  -10.000   21.767    2.265   -0.039
    1.380  -10.000  -10.000  -10.000   21.797    2.277   -0.040
    1.390  -10.000  -10.000  -10.000   21.829    2.291   -0.042
    1.400  -10.000  -10.000  -10.000   21.853    2.312   -0.044
    1.410  -10.000  -10.000  -10.000   21.886    2.317   -0.046
    1.420  -10.000  -10.000  -10.000   21.917    2.326   -0.048
    1.430  -10.000  -10.000  -10.000   21.943    2.346   -0.050
    1.440  -10.000  -10.000  -10.000   21.971    2.364   -0.052
    1.450  -10.000  -10.000  -10.000   22.005    2.371   -0.054
    1.460  -10.000  -10.000  -10.000   22.036    2.379   -0.056
    1.470  -10.000  -10.000  -10.000   22.068    2.394   -0.059
    1.480  -10.000  -10.000  -10.000   22.103    2.402   -0.061
    1.490  -10.000  -10.000  -10.000   22.134    2.406   -0.063
