2.033558704704439606e+02 1.700466538921565984e+01 1.000000000000000056e-01
2.169169739659160143e+02 1.790754299474781774e+01 1.000000000000000056e-01
2.137274145582162532e+02 1.116630332879508103e+01 1.000000000000000056e-01
2.028464156379140206e+02 5.908840792078649429e+00 1.000000000000000056e-01
2.023056076518290638e+02 1.459799119105666954e+01 1.000000000000000056e-01
2.191178862631170148e+02 1.527133340989491295e+01 1.000000000000000056e-01
2.194624243265718064e+02 1.300816099515642321e+01 1.000000000000000056e-01
2.194226246946701622e+02 2.415086714276868562e+01 1.000000000000000056e-01
2.191275114089003466e+02 8.572756881870104095e+00 1.000000000000000056e-01
2.087603280394005481e+02 2.311355471060048927e+01 1.000000000000000056e-01
2.126111190302847831e+02 1.616331960257777478e-01 1.000000000000000056e-01
2.164510460441168789e+02 2.879841461666339697e+01 1.000000000000000056e-01
2.033879197226589781e+02 2.902525300068700886e+01 1.000000000000000056e-01
2.128072465416447017e+02 7.410273732948761349e+00 1.000000000000000056e-01
2.150526745957827188e+02 2.190104452214188413e+01 1.000000000000000056e-01
2.105137111038293938e+02 1.065982599429337441e+01 1.000000000000000056e-01
2.129288255071005551e+02 1.882689705107055689e+00 1.000000000000000056e-01
2.018629985325514724e+02 8.911268249090944948e+00 1.000000000000000056e-01
2.179785667970556631e+02 1.782619468044582689e+01 1.000000000000000056e-01
2.122017520439286784e+02 5.812436253525037344e+00 1.000000000000000056e-01
2.119373555714692827e+02 2.178241678195539777e+01 1.000000000000000056e-01
2.206865868273354181e+02 1.121461129007245816e+01 1.000000000000000056e-01
2.003975337490294066e+02 2.445428631138589992e+00 1.000000000000000056e-01
2.266943868918060616e+02 2.096271657466839144e+01 1.000000000000000056e-01
2.297648146885509277e+02 1.385792373161320334e+01 1.000000000000000056e-01
2.077145506116136744e+02 1.927494314927382391e+01 1.000000000000000056e-01
2.082660275150847156e+02 3.969333315179919275e+00 1.000000000000000056e-01
2.165395883350448116e+02 1.981610958927657595e+00 1.000000000000000056e-01
2.166029335453498561e+02 2.971337361666148702e-01 1.000000000000000056e-01
2.020765718054407785e+02 4.448878046339203252e+00 1.000000000000000056e-01
2.296971803799830241e+02 9.981399623112794828e+00 1.000000000000000056e-01
2.141220971973318115e+02 2.540482609498934607e+01 1.000000000000000056e-01
2.274927162962583793e+02 2.410395714770507425e+01 1.000000000000000056e-01
2.276343146337412406e+02 1.303617594422070525e+01 1.000000000000000056e-01
2.012130946289157691e+02 1.012001101804709968e+01 1.000000000000000056e-01
2.264555297615623601e+02 9.395283469979110791e+00 1.000000000000000056e-01
2.098464443128280550e+02 2.802666270044681696e+01 1.000000000000000056e-01
2.237143675473118378e+02 2.737473546006417635e+01 1.000000000000000056e-01
2.280134061407449622e+02 1.125497092117740960e+00 1.000000000000000056e-01
2.040722081583836029e+02 2.214151621618652399e+01 1.000000000000000056e-01
2.180478870415245467e+02 1.469780364325467303e+01 1.000000000000000056e-01
2.216686367416525911e+02 1.132482973489676503e+01 1.000000000000000056e-01
2.053501943348690872e+02 2.625315934635975879e+01 1.000000000000000056e-01
2.160671881599715221e+02 2.878018723737978135e+01 1.000000000000000056e-01
2.060064156561412858e+02 3.256202809289799660e+00 1.000000000000000056e-01
2.117800039089455311e+02 4.522225687047491505e+00 1.000000000000000056e-01
2.257802986063691719e+02 1.157170961809771015e+01 1.000000000000000056e-01
2.261105493036587575e+02 6.259598923902652601e+00 1.000000000000000056e-01
2.200632840517529019e+02 4.201838287082749979e+00 1.000000000000000056e-01
2.117289444872827175e+02 2.420832779053236905e+01 1.000000000000000056e-01
2.143265558328297402e+02 1.092449593571201660e+01 1.000000000000000056e-01
2.189751179094835720e+02 2.295219716955657674e+01 1.000000000000000056e-01
2.019544389254269561e+02 7.123994504126801353e+00 1.000000000000000056e-01
2.127701080119235257e+02 2.652737296103502018e+01 1.000000000000000056e-01
2.117525146742198103e+02 3.298507253825943231e+00 1.000000000000000056e-01
2.126624486021667622e+02 6.084962765379442473e+00 1.000000000000000056e-01
2.225527265824862866e+02 1.655354934240513032e+01 1.000000000000000056e-01
2.028537290621015359e+02 1.593491475339302710e+01 1.000000000000000056e-01
2.132424517403791242e+02 6.895320532946165315e+00 1.000000000000000056e-01
2.216558483615887667e+02 1.907708881630262354e+01 1.000000000000000056e-01
2.293309761511624458e+02 4.277813063596548560e+00 1.000000000000000056e-01
2.185436308258371696e+02 1.597449790742518916e+00 1.000000000000000056e-01
2.023938400817556271e+02 5.220058770976869766e+00 1.000000000000000056e-01
2.088944805922005514e+02 8.494423675711081145e+00 1.000000000000000056e-01
2.005297589250420174e+02 2.330606969949079854e+01 1.000000000000000056e-01
2.257101612085491240e+02 2.032962650883411726e+01 1.000000000000000056e-01
2.069360381693280431e+02 9.378935418521654910e+00 1.000000000000000056e-01
2.142267292428253427e+02 8.706205728192076165e+00 1.000000000000000056e-01
2.271242859303015678e+02 2.331264657442822141e+01 1.000000000000000056e-01
2.123854717637084661e+02 1.711739972845641944e+01 1.000000000000000056e-01
2.114758906284348257e+02 1.689655741757351848e+01 1.000000000000000056e-01
2.154565554400039389e+02 7.191796839756426252e+00 1.000000000000000056e-01
2.242524233838892087e+02 1.379773198212999574e+01 1.000000000000000056e-01
2.031225216476252342e+02 4.683702626402197922e+00 1.000000000000000056e-01
2.241245951539525265e+02 6.855142794943650308e+00 1.000000000000000056e-01
2.170832083778523725e+02 1.641887448743251454e+01 1.000000000000000056e-01
2.143917912298075237e+02 1.975199784351057275e+01 1.000000000000000056e-01
2.125226714471412208e+02 2.310299359911861750e+00 1.000000000000000056e-01
2.280444491614224773e+02 2.852436178062836447e+01 1.000000000000000056e-01
2.068358529637104937e+02 2.864827749051979122e+00 1.000000000000000056e-01
2.298251041872793508e+02 2.956052291924850550e+01 1.000000000000000056e-01
2.224769924220455266e+02 1.916290180072488170e+01 1.000000000000000056e-01
2.178498316569979636e+02 1.159177316089244769e+01 1.000000000000000056e-01
2.116213629010282489e+02 6.914172660309088059e+00 1.000000000000000056e-01
2.084769393448736707e+02 1.055980064872747270e+01 1.000000000000000056e-01
2.133253121778037382e+02 9.735483064391864616e+00 1.000000000000000056e-01
2.225282749602910997e+02 2.296089665548709391e+01 1.000000000000000056e-01
2.240342632621152177e+02 2.230962040041812600e+01 1.000000000000000056e-01
2.227270970088362958e+02 1.014720604142170934e+01 1.000000000000000056e-01
2.113216629561890443e+02 1.987067334964606857e+01 1.000000000000000056e-01
2.005180686099899390e+02 1.822389076687251475e+01 1.000000000000000056e-01
2.023341471287189677e+02 1.575281721039947413e+01 1.000000000000000056e-01
2.061422884047433399e+02 2.179539043385600650e+01 1.000000000000000056e-01
2.224139684383920894e+02 2.445837541081712363e+00 1.000000000000000056e-01
2.022171983286439172e+02 2.743654000135492765e+01 1.000000000000000056e-01
2.089451447608083186e+02 8.462492816111533145e+00 1.000000000000000056e-01
2.185321362586349210e+02 5.743424684053310969e+00 1.000000000000000056e-01
2.128761588151273543e+02 5.174556055926620601e+00 1.000000000000000056e-01
2.134317431211008511e+02 1.507280330918222555e+00 1.000000000000000056e-01
2.134644727345190915e+02 3.798075363649529024e+00 1.000000000000000056e-01
2.184993473547008307e+02 1.105945975854495700e+01 1.000000000000000056e-01
2.017467121520894011e+02 8.631191926828655880e+00 1.000000000000000056e-01
2.294656425235697554e+02 2.574914063735549163e+01 1.000000000000000056e-01
2.167259320870530814e+02 2.444800612000959106e+00 1.000000000000000056e-01
2.274846533356667919e+02 2.087503751758817927e+01 1.000000000000000056e-01
2.098485037909725577e+02 5.131751022685175911e+00 1.000000000000000056e-01
2.007303768978971164e+02 7.504472916977304564e+00 1.000000000000000056e-01
2.130334021245499798e+02 1.738509134839885562e+01 1.000000000000000056e-01
2.267421186060781793e+02 2.324306157437809972e+01 1.000000000000000056e-01
2.251089873572576039e+02 1.328880110769698852e+01 1.000000000000000056e-01
2.187085595590098137e+02 2.545445877780974087e+01 1.000000000000000056e-01
2.009661252794687698e+02 6.844296658077152706e+00 1.000000000000000056e-01
2.048898298518034267e+02 1.234225025347446625e+01 1.000000000000000056e-01
2.005521602392800276e+02 9.779230971974911313e+00 1.000000000000000056e-01
2.004390474009221919e+02 5.864912291282474932e+00 1.000000000000000056e-01
2.244029273171660748e+02 1.739636933628216653e+01 1.000000000000000056e-01
2.174253755305096831e+02 1.612602158345832848e+01 1.000000000000000056e-01
2.239027047377757071e+02 1.218316091448615879e+01 1.000000000000000056e-01
2.197399377201537334e+02 2.689163051061699861e+01 1.000000000000000056e-01
2.268994443107940810e+02 2.012056596563062527e+01 1.000000000000000056e-01
2.247180842525164337e+02 4.675336535605600918e-01 1.000000000000000056e-01
2.240489649158844543e+02 2.067662718676987055e+01 1.000000000000000056e-01
2.132363869663962817e+02 1.235403105748367381e+01 1.000000000000000056e-01
2.238081818397713789e+02 6.056428282039648892e+00 1.000000000000000056e-01
2.094924124348051748e+02 2.836356001135883886e+01 1.000000000000000056e-01
2.243799074135253306e+02 7.541828860050866723e+00 1.000000000000000056e-01
2.176084212943271154e+02 1.855798392657667151e+01 1.000000000000000056e-01
2.259666302952420835e+02 8.342918385269079806e+00 1.000000000000000056e-01
2.280398298056300064e+02 2.488090983526475597e+01 1.000000000000000056e-01
2.295823155454217215e+02 1.212093175480549867e+01 1.000000000000000056e-01
2.093827224103920344e+02 1.121710650995190184e+00 1.000000000000000056e-01
2.052079222698491776e+02 2.045399484894524278e+01 1.000000000000000056e-01
2.238939789577733279e+02 3.123703955227672413e+00 1.000000000000000056e-01
2.207426389112811762e+02 3.340154719756035284e+00 1.000000000000000056e-01
2.084571030277824093e+02 8.351118884306988122e+00 1.000000000000000056e-01
2.160629889374695267e+02 1.902946566360945013e+01 1.000000000000000056e-01
2.143399724696304816e+02 2.100245799109815792e+01 1.000000000000000056e-01
2.171680945522325317e+02 1.201888847825224893e+01 1.000000000000000056e-01
2.199827485316635602e+02 5.116720288720085108e+00 1.000000000000000056e-01
2.061950990299687589e+02 4.449545532942349446e+00 1.000000000000000056e-01
2.220247022063130089e+02 1.473410788420415685e+01 1.000000000000000056e-01
2.019959488774625243e+02 1.543585373508414982e+01 1.000000000000000056e-01
2.061759277458338886e+02 1.462353024786662914e+01 1.000000000000000056e-01
2.055160724842886282e+02 2.645552644025285716e+01 1.000000000000000056e-01
2.186473383671074942e+02 2.926289122832752909e+01 1.000000000000000056e-01
2.196460737291924090e+02 1.023664473468827296e+01 1.000000000000000056e-01
2.068172205737181741e+02 6.132332521120982705e+00 1.000000000000000056e-01
2.009645537379183793e+02 6.032760939811343537e-01 1.000000000000000056e-01
2.117118646573302101e+02 1.095875610799543054e+01 1.000000000000000056e-01
2.090303586938782132e+02 7.640365649822371097e+00 1.000000000000000056e-01
2.095905117877214821e+02 2.431809510751104142e+01 1.000000000000000056e-01
2.168650251221478413e+02 6.837794661682020880e+00 1.000000000000000056e-01
2.115111022707860116e+02 7.200869780254236296e+00 1.000000000000000056e-01
2.075465342023377389e+02 1.211797357264699215e+01 1.000000000000000056e-01
2.235602978091078512e+02 1.648043178379523521e+00 1.000000000000000056e-01
2.169058801618092787e+02 2.729497304828870341e+01 1.000000000000000056e-01
2.107720929418962612e+02 2.058621094720534117e+01 1.000000000000000056e-01
2.165056768718718274e+02 7.915278113154170292e+00 1.000000000000000056e-01
2.054981563636522992e+02 1.818452666702105036e+00 1.000000000000000056e-01
2.267607388451096426e+02 2.957487215977258899e+01 1.000000000000000056e-01
2.043383480630195095e+02 7.979380378594695955e+00 1.000000000000000056e-01
2.054222897367814937e+02 1.826904739839122271e+01 1.000000000000000056e-01
2.021956193479639410e+02 1.841591588857217232e+01 1.000000000000000056e-01
2.200742932667824903e+02 6.468681152205506990e+00 1.000000000000000056e-01
2.108751450273576609e+02 1.095110583629092815e+01 1.000000000000000056e-01
2.132181431201392172e+02 1.707865691671992536e+00 1.000000000000000056e-01
2.054845121667818262e+02 1.384654278879510514e+01 1.000000000000000056e-01
2.171216375947340680e+02 2.118637750921094920e+01 1.000000000000000056e-01
2.083676532636316665e+02 1.281562180928758066e+00 1.000000000000000056e-01
2.290728734392821480e+02 1.676902850409376367e+00 1.000000000000000056e-01
2.146902776652118519e+02 2.050548103461990834e+01 1.000000000000000056e-01
2.290918308942433157e+02 2.079862409662397837e+01 1.000000000000000056e-01
2.077425857978575436e+02 1.020150032285911124e+01 1.000000000000000056e-01
2.209976854300562366e+02 6.179912926973453402e+00 1.000000000000000056e-01
2.251157994924481045e+02 6.112908538501314659e+00 1.000000000000000056e-01
2.180221005914042109e+02 6.819705584504398566e+00 1.000000000000000056e-01
2.256375762886831353e+02 2.283805451006273302e+01 1.000000000000000056e-01
2.118124660982501837e+02 2.059883135961220901e+01 1.000000000000000056e-01
2.043884674090686246e+02 1.084094659656187609e+01 1.000000000000000056e-01
2.238615333975799331e+02 2.886258598511635398e+01 1.000000000000000056e-01
2.275540626383047993e+02 9.888495157866272756e-02 1.000000000000000056e-01
2.038835989632731014e+02 2.852547518961694095e+01 1.000000000000000056e-01
2.259174134553536248e+02 1.862892354389437344e+01 1.000000000000000056e-01
2.047740691381107752e+02 1.522933275871227288e+01 1.000000000000000056e-01
2.044566935241590215e+02 3.888242287699095190e-01 1.000000000000000056e-01
2.286727710790344759e+02 1.245730559714581531e+01 1.000000000000000056e-01
2.271769098445992654e+02 1.114548945279829972e+01 1.000000000000000056e-01
2.105826173907054510e+02 2.984304171269824835e+01 1.000000000000000056e-01
2.074387820309117672e+02 1.770375243171813295e+01 1.000000000000000056e-01
2.012438486227740952e+02 9.612554755667556350e+00 1.000000000000000056e-01
2.256529134775931311e+02 1.089675914245471411e+01 1.000000000000000056e-01
2.262432787937616183e+02 6.337160250057015887e+00 1.000000000000000056e-01
2.154530941893169711e+02 9.330997792798878976e+00 1.000000000000000056e-01
2.190783308736478432e+02 7.470652689633523025e+00 1.000000000000000056e-01
2.129053227609458645e+02 2.683859072795704570e+00 1.000000000000000056e-01
2.050246940703572989e+02 6.965025495546059986e+00 1.000000000000000056e-01
2.236562772782046409e+02 3.119178875578232368e+00 1.000000000000000056e-01
2.259173041193953395e+02 2.765101557160119228e+01 1.000000000000000056e-01
2.107368622967610463e+02 4.644448092168048881e+00 1.000000000000000056e-01
2.248868066880267804e+02 1.502385521347310693e+01 1.000000000000000056e-01
2.003121456228504940e+02 2.029889603943490783e+01 1.000000000000000056e-01
2.150704640963451766e+02 1.744847152532669554e+01 1.000000000000000056e-01
2.183179451940181082e+02 1.257846703028251412e+01 1.000000000000000056e-01
2.257058180286550737e+02 1.948594297420249077e+01 1.000000000000000056e-01
2.056321713162282379e+02 8.622744640189292653e+00 1.000000000000000056e-01
2.049484845011580489e+02 2.884177756662568370e+01 1.000000000000000056e-01
2.191284487347755601e+02 2.953775660530376435e+00 1.000000000000000056e-01
2.176657256432627321e+02 2.331984951905569048e+01 1.000000000000000056e-01
2.224187207742338899e+02 1.662507960429376652e+01 1.000000000000000056e-01
2.158847891453420118e+02 1.297916382274529568e+01 1.000000000000000056e-01
2.290920604792912627e+02 2.705121439738444522e+01 1.000000000000000056e-01
2.175993225609608430e+02 2.983767969714967094e+01 1.000000000000000056e-01
2.185426084256798163e+02 4.758564547174324311e+00 1.000000000000000056e-01
2.110312590099963188e+02 2.598046693909234151e+01 1.000000000000000056e-01
2.277446215131149643e+02 2.411257950646566783e+00 1.000000000000000056e-01
2.176221730724107886e+02 5.964057282571955554e+00 1.000000000000000056e-01
2.042170121025698108e+02 2.729792048485859723e+01 1.000000000000000056e-01
2.024070894817162412e+02 2.162811142019427990e+01 1.000000000000000056e-01
2.299056548115701730e+02 1.191528888345027859e+01 1.000000000000000056e-01
2.030709615655150913e+02 2.278961314717268749e+01 1.000000000000000056e-01
2.028636826987772679e+02 8.073390863725769862e+00 1.000000000000000056e-01
2.237480031736289732e+02 2.734464788527959200e+01 1.000000000000000056e-01
2.193481727862697710e+02 9.149931834122575935e+00 1.000000000000000056e-01
2.087113963597964812e+02 1.069420452350591333e+01 1.000000000000000056e-01
2.165219906857179524e+02 1.694262899139191703e+00 1.000000000000000056e-01
2.119448904177428687e+02 1.389763994242107614e+01 1.000000000000000056e-01
2.180229440410516304e+02 2.485066957291870438e+00 1.000000000000000056e-01
2.257201131374708893e+02 6.652375578045361060e+00 1.000000000000000056e-01
2.203971467415685765e+02 1.693716301089745002e+01 1.000000000000000056e-01
2.173988405977333400e+02 7.471481057473901899e+00 1.000000000000000056e-01
2.160304050813383299e+02 2.787462608201136050e+01 1.000000000000000056e-01
2.116212441868038070e+02 1.255648418915908948e+00 1.000000000000000056e-01
2.220436967963796917e+02 2.746985799732422606e+01 1.000000000000000056e-01
2.215335121736123369e+02 1.286391307311308729e+01 1.000000000000000056e-01
2.269123663985235169e+02 2.314558354530472428e+00 1.000000000000000056e-01
2.186925418110743635e+02 8.301654150021812839e+00 1.000000000000000056e-01
2.125120991263887333e+02 2.576219899390946111e+01 1.000000000000000056e-01
2.131061649040429415e+02 7.238498279516599965e+00 1.000000000000000056e-01
2.168346275778734196e+02 2.578558993213406936e+01 1.000000000000000056e-01
2.052004065654906810e+02 1.973242698425599428e+01 1.000000000000000056e-01
2.179916567221991102e+02 3.939464148581258485e+00 1.000000000000000056e-01
2.088984664497496624e+02 2.454298773296850555e+01 1.000000000000000056e-01
2.129251775755206495e+02 1.169818585558567214e+01 1.000000000000000056e-01
2.019781486321068087e+02 1.430512847438884805e+01 1.000000000000000056e-01
2.120042267028753145e+02 2.224391121249897552e+01 1.000000000000000056e-01
2.239069214940177233e+02 1.107464537263546234e+01 1.000000000000000056e-01
2.194687908787911397e+02 1.841625314287500714e+01 1.000000000000000056e-01
2.227539675438260360e+02 2.595853082966584680e+00 1.000000000000000056e-01
2.110274188757691149e+02 1.870311609583506396e+01 1.000000000000000056e-01
2.193821782518036798e+02 7.714738723501472606e+00 1.000000000000000056e-01
2.011515087038545460e+02 3.195538745837642747e+00 1.000000000000000056e-01
2.102000930535539851e+02 1.754613286766912950e+01 1.000000000000000056e-01
2.052242365410064906e+02 7.278722762139208768e+00 1.000000000000000056e-01
2.187352060858015648e+02 1.972786307030716202e+01 1.000000000000000056e-01
2.223134052834937506e+02 6.259105161989783284e+00 1.000000000000000056e-01
2.272659645446749437e+02 1.251739976646027230e+01 1.000000000000000056e-01
2.007540753207119906e+02 2.141533374218571240e+01 1.000000000000000056e-01
2.246850289927402287e+02 6.538241544911398861e+00 1.000000000000000056e-01
2.125032796271044049e+02 1.252341994246330970e-01 1.000000000000000056e-01
2.136698930130865506e+02 1.883827976569222074e+01 1.000000000000000056e-01
2.007573011398639267e+02 1.253809102933226605e+01 1.000000000000000056e-01
2.142305434283053387e+02 3.394424563771392123e-01 1.000000000000000056e-01
2.048059916845384691e+02 2.312571283121359400e+01 1.000000000000000056e-01
2.040146040028048731e+02 1.175686377167946262e+01 1.000000000000000056e-01
2.022315116758794602e+02 9.056241541910100779e+00 1.000000000000000056e-01
2.054898689727399415e+02 1.653615726754147630e+01 1.000000000000000056e-01
2.227331041070415836e+02 2.575002507282243869e+01 1.000000000000000056e-01
2.081267301593179297e+02 1.521401402486771737e+01 1.000000000000000056e-01
2.293192824577003535e+02 1.144851314353908833e+01 1.000000000000000056e-01
2.052420893989419142e+02 1.770247598184139903e+01 1.000000000000000056e-01
2.272141075142463080e+02 1.200367691490073341e+01 1.000000000000000056e-01
2.045267364674228929e+02 2.817246709870622201e+00 1.000000000000000056e-01
2.154567781835262394e+02 9.630147700486702433e+00 1.000000000000000056e-01
2.067526768098864807e+02 1.304664636882329276e+01 1.000000000000000056e-01
2.113604190473932363e+02 1.627538550650510984e+01 1.000000000000000056e-01
2.273545499560300982e+02 1.365361248033505781e+01 1.000000000000000056e-01
2.064732982565442398e+02 1.733895047675964562e+01 1.000000000000000056e-01
2.085264624058543745e+02 9.652260515597413715e+00 1.000000000000000056e-01
2.220623483622015044e+02 7.589083159930948064e+00 1.000000000000000056e-01
2.073806647922577326e+02 1.836924912912871477e+01 1.000000000000000056e-01
2.216150554313090026e+02 2.338219761954549014e+01 1.000000000000000056e-01
2.200172124822092314e+02 1.659532882331861714e+01 1.000000000000000056e-01
2.125598941117270044e+02 2.290934774071522639e+01 1.000000000000000056e-01
2.054262579582644150e+02 2.410305635722409079e+01 1.000000000000000056e-01
2.138510494070673076e+02 2.978684140591492024e+01 1.000000000000000056e-01
2.020636985985222509e+02 1.737802315436232092e+01 1.000000000000000056e-01
2.250271872943280584e+02 1.235497014032483909e+00 1.000000000000000056e-01
2.030533620882156640e+02 2.957314632725277193e+01 1.000000000000000056e-01
2.203370706218202031e+02 2.268651879507822500e+01 1.000000000000000056e-01
2.094864109608153626e+02 2.639194761079844653e+01 1.000000000000000056e-01
2.050529406315208121e+02 1.388216947917397803e-01 1.000000000000000056e-01
2.003612842480725078e+02 1.652816744692585260e+01 1.000000000000000056e-01
2.195930495997750427e+02 1.741457303490189901e+01 1.000000000000000056e-01
2.117090918391742491e+02 2.266605284596089476e+01 1.000000000000000056e-01
2.013460651045968461e+02 1.485035272943855489e+01 1.000000000000000056e-01
2.246046040153808008e+02 1.635840525315414951e+01 1.000000000000000056e-01
2.111698509515256603e+02 2.355847760227480592e+01 1.000000000000000056e-01
2.021470031276102191e+02 2.297607409172167792e+01 1.000000000000000056e-01
2.279624658954931249e+02 1.787305384220994053e+00 1.000000000000000056e-01
2.286466039772375893e+02 1.796454986086439831e+01 1.000000000000000056e-01
2.110628933568788455e+02 2.534345154105907127e+01 1.000000000000000056e-01
2.018287516172032667e+02 8.090780465713298675e-01 1.000000000000000056e-01
2.030751412322932197e+02 2.686041571055104527e+01 1.000000000000000056e-01
2.124102171347702779e+02 1.764717624858048239e+01 1.000000000000000056e-01
2.052786869353275847e+02 7.633890012274627601e+00 1.000000000000000056e-01
2.028969964518291249e+02 9.808966637744260808e+00 1.000000000000000056e-01
2.270306273907331445e+02 1.215039104453245500e+01 1.000000000000000056e-01
2.123983368558793359e+02 1.085978495758857143e+01 1.000000000000000056e-01
2.085585715091083046e+02 2.383046869544789814e+01 1.000000000000000056e-01
2.221055217932723167e+02 2.282082067125669411e+01 1.000000000000000056e-01
2.165730036570664083e+02 2.986391066442840625e+01 1.000000000000000056e-01
2.148286539237616921e+02 1.738997542505461524e+01 1.000000000000000056e-01
2.080452702573108468e+02 1.283893212871108247e+01 1.000000000000000056e-01
2.160161140840484961e+02 2.474963994404038203e+01 1.000000000000000056e-01
2.005051099960862757e+02 1.425984549891855657e+01 1.000000000000000056e-01
2.134255946559115102e+02 7.678625250846444317e+00 1.000000000000000056e-01
2.044607547035009532e+02 4.083113933464046497e+00 1.000000000000000056e-01
2.077661796180181568e+02 1.335060243558814363e+00 1.000000000000000056e-01
2.273529321228928097e+02 2.036229404154714828e+01 1.000000000000000056e-01
2.191011169643269056e+02 2.350525416613406549e+01 1.000000000000000056e-01
2.230308843801899457e+02 2.339243370566548208e+01 1.000000000000000056e-01
2.234969623561169385e+02 2.360789692225697678e+01 1.000000000000000056e-01
2.296877240808779845e+02 2.867236240329646080e+01 1.000000000000000056e-01
2.291599419586969475e+02 2.278250189084845001e+00 1.000000000000000056e-01
2.112315001760072164e+02 5.552039254826377501e+00 1.000000000000000056e-01
2.129932720615643404e+02 1.600416751250622482e+01 1.000000000000000056e-01
2.299025565092173053e+02 1.873863359849882215e+01 1.000000000000000056e-01
2.005763042463193244e+02 2.388957676322519319e+01 1.000000000000000056e-01
2.229627508423225777e+02 1.891462100121117373e+01 1.000000000000000056e-01
2.257768441591837814e+02 2.482561858882493766e+01 1.000000000000000056e-01
2.243748908715372465e+02 9.591687255838587944e-01 1.000000000000000056e-01
2.072746436100032383e+02 2.531037943075679308e+01 1.000000000000000056e-01
2.128354072006875697e+02 1.301225054444897289e+01 1.000000000000000056e-01
2.299181975145270940e+02 2.078539781727598523e+01 1.000000000000000056e-01
2.046213680945213298e+02 2.909907506935345278e+00 1.000000000000000056e-01
2.247813554982303685e+02 7.915116466270512241e+00 1.000000000000000056e-01
2.205147593641321464e+02 2.628643351938466566e+01 1.000000000000000056e-01
2.010353315207947844e+02 2.363907448691170998e+01 1.000000000000000056e-01
2.152469812616352840e+02 1.972877017861889115e+01 1.000000000000000056e-01
2.286758309491201544e+02 3.622345475703752093e+00 1.000000000000000056e-01
2.154058527714917659e+02 7.380827067256201524e-01 1.000000000000000056e-01
2.270618834701821243e+02 3.640164518328512511e+00 1.000000000000000056e-01
2.093937959383480347e+02 2.757892913993243056e+01 1.000000000000000056e-01
2.069489791364473774e+02 1.652187009700783804e+01 1.000000000000000056e-01
2.172454384017669611e+02 2.600239184170852269e+01 1.000000000000000056e-01
2.234075475224552463e+02 2.306165721528221724e+01 1.000000000000000056e-01
2.259487837362659377e+02 2.805509600390881175e+01 1.000000000000000056e-01
2.021317979878037647e+02 1.911623423592736160e+01 1.000000000000000056e-01
2.016278001931797519e+02 1.171176445687878420e+01 1.000000000000000056e-01
2.026578448494265956e+02 2.726966079374394170e+01 1.000000000000000056e-01
2.003709681304143260e+02 2.748447545838842743e+01 1.000000000000000056e-01
2.258357083263967979e+02 1.793143163953548935e+01 1.000000000000000056e-01
2.011248128239989228e+02 9.640196773362291083e+00 1.000000000000000056e-01
2.228419087657802322e+02 3.616375712546632037e+00 1.000000000000000056e-01
2.185717919165659282e+02 2.911126303157000095e+01 1.000000000000000056e-01
2.044216776367552484e+02 2.741826211269192726e+01 1.000000000000000056e-01
2.041092378599924189e+02 1.442011194832178234e+01 1.000000000000000056e-01
2.128968952963195989e+02 5.776448108979183260e+00 1.000000000000000056e-01
2.156231289923505869e+02 2.827417590597183228e+00 1.000000000000000056e-01
2.227225106848324572e+02 5.040279227154845998e+00 1.000000000000000056e-01
2.297184739462362870e+02 1.098959846350782321e+01 1.000000000000000056e-01
2.039728440829392468e+02 2.925682728844422087e+01 1.000000000000000056e-01
2.217486603276716437e+02 1.690346533209156021e+01 1.000000000000000056e-01
2.001834030112663640e+02 2.170351285752777670e+01 1.000000000000000056e-01
2.285223714136785986e+02 1.600229498499431413e+00 1.000000000000000056e-01
2.038563348441126095e+02 1.216258810358773479e+00 1.000000000000000056e-01
2.201373702725755379e+02 1.233487889451260244e+01 1.000000000000000056e-01
2.296935618427387453e+02 2.144378466354053359e+01 1.000000000000000056e-01
2.229009547753878451e+02 2.851874358111357921e+01 1.000000000000000056e-01
2.240498799627211781e+02 4.822387977673047388e+00 1.000000000000000056e-01
2.046020077120751353e+02 2.065163227328966400e+01 1.000000000000000056e-01
2.056633350206627426e+02 1.850211049780932271e+01 1.000000000000000056e-01
2.064341246854136784e+02 8.798474059593957008e+00 1.000000000000000056e-01
2.081773867569218055e+02 1.478433472134780935e+01 1.000000000000000056e-01
2.255669484700473220e+02 2.190028232781597239e+01 1.000000000000000056e-01
2.044162901952218760e+02 3.067503140255038119e+00 1.000000000000000056e-01
2.277055838837964927e+02 3.795292914165064868e+00 1.000000000000000056e-01
2.162563661206491474e+02 2.491605229294439638e+01 1.000000000000000056e-01
2.075986660822662486e+02 2.376471269362851757e+01 1.000000000000000056e-01
2.156797746550197132e+02 4.279162245706601198e+00 1.000000000000000056e-01
2.108679836911271082e+02 1.691982266577680605e+01 1.000000000000000056e-01
2.228768056140619365e+02 2.815093514645531059e+01 1.000000000000000056e-01
2.041564398557234199e+02 3.279247067237467395e-01 1.000000000000000056e-01
2.165702924573328403e+02 2.341021343935802790e+01 1.000000000000000056e-01
2.069049479298649885e+02 5.505424213720981008e+00 1.000000000000000056e-01
2.158676178376632606e+02 1.147687511597957766e+01 1.000000000000000056e-01
2.108013484537835325e+02 2.914706554700361352e+01 1.000000000000000056e-01
2.098606799274257924e+02 2.618686267822345570e+01 1.000000000000000056e-01
2.033666392995154979e+02 1.294524416595690042e+01 1.000000000000000056e-01
2.167107779791345479e+02 1.282880946249076537e+01 1.000000000000000056e-01
2.112483940028791665e+02 1.064647702009784247e+01 1.000000000000000056e-01
2.109479485604380784e+02 1.313083497567697933e+01 1.000000000000000056e-01
2.174162458507519489e+02 5.768926672880843931e+00 1.000000000000000056e-01
2.177153930793087113e+02 1.294327540138058019e+01 1.000000000000000056e-01
2.129121979981567279e+02 2.822219113473956753e+01 1.000000000000000056e-01
2.166280741516813180e+02 8.474021214084105580e+00 1.000000000000000056e-01
2.127785130488534833e+02 2.966297695426472458e+01 1.000000000000000056e-01
2.118744080529818916e+02 7.107301702031004531e+00 1.000000000000000056e-01
2.054831347420951886e+02 4.419945071688183624e+00 1.000000000000000056e-01
2.130249462193903014e+02 7.138835272268950760e+00 1.000000000000000056e-01
2.053619211674276528e+02 2.728668206647154904e+01 1.000000000000000056e-01
2.040563137895887280e+02 2.408670796246520851e+01 1.000000000000000056e-01
2.017586058401452931e+02 2.547539299612152774e+01 1.000000000000000056e-01
2.141082094428594189e+02 1.343232920496497762e+01 1.000000000000000056e-01
2.269932064116927108e+02 1.432315027769961269e+01 1.000000000000000056e-01
2.288958944870447567e+02 1.723927304213745515e+01 1.000000000000000056e-01
2.010803417993342066e+02 8.995144785084863148e-01 1.000000000000000056e-01
2.060406171881913338e+02 1.647924105206204715e+01 1.000000000000000056e-01
2.001165775021017623e+02 2.302922715914294471e+01 1.000000000000000056e-01
2.136375270057342846e+02 2.346762182740275549e+01 1.000000000000000056e-01
2.056337335731009546e+02 1.465901824145647581e+01 1.000000000000000056e-01
2.265379203452734203e+02 2.434076104571033028e+01 1.000000000000000056e-01
2.188644383737671717e+02 2.539043842297231990e+01 1.000000000000000056e-01
2.081995188831720611e+02 2.429661115826337436e+01 1.000000000000000056e-01
2.286328708602903816e+02 1.273883997124928769e+01 1.000000000000000056e-01
2.074407649353336467e+02 4.323148964457212973e-01 1.000000000000000056e-01
2.012826747819136699e+02 1.932067197638114209e+01 1.000000000000000056e-01
2.030404613646239227e+02 3.346506182624859882e+00 1.000000000000000056e-01
2.057154356613588675e+02 2.254063954359952149e+01 1.000000000000000056e-01
2.166575534000155017e+02 7.445055789345529362e+00 1.000000000000000056e-01
2.037289364962467175e+02 1.904074726540840246e+01 1.000000000000000056e-01
2.233352284721701153e+02 2.532440431328908392e+00 1.000000000000000056e-01
2.175222310866570581e+02 1.983650712059883148e+01 1.000000000000000056e-01
2.227792357447609959e+02 2.822833945061330851e+01 1.000000000000000056e-01
2.003061570242970788e+02 2.331429732622862616e+01 1.000000000000000056e-01
2.109840398716130210e+02 6.095191682938663646e+00 1.000000000000000056e-01
2.030853807499143215e+02 6.871384810769009199e+00 1.000000000000000056e-01
2.166728386634613628e+02 7.911069308773688302e-01 1.000000000000000056e-01
2.051460196406399632e+02 7.801768812356916882e+00 1.000000000000000056e-01
2.262898049159082063e+02 2.960230530191894616e+01 1.000000000000000056e-01
2.122279522101865723e+02 2.512202047487548384e+01 1.000000000000000056e-01
2.069671177118377727e+02 1.487252082573693635e+01 1.000000000000000056e-01
2.216124445030889376e+02 1.754549969483979766e+01 1.000000000000000056e-01
2.181388555663631337e+02 7.840478846368525989e-01 1.000000000000000056e-01
2.160963194124237248e+02 1.841576724211607896e+01 1.000000000000000056e-01
2.290691063135923571e+02 2.859675631941813023e+01 1.000000000000000056e-01
2.261253650865224927e+02 3.973641270817329652e-01 1.000000000000000056e-01
2.240243573087621769e+02 1.092064276744770979e+01 1.000000000000000056e-01
2.034328510556563856e+02 5.858595466467029667e+00 1.000000000000000056e-01
2.153086037623494633e+02 2.755188252008757743e+01 1.000000000000000056e-01
2.231877790839440365e+02 6.254083806060145356e+00 1.000000000000000056e-01
2.172048159128941620e+02 1.238410441942936480e+01 1.000000000000000056e-01
2.093158099252939905e+02 8.805079990625232611e+00 1.000000000000000056e-01
2.183336626045158368e+02 2.415164740129771204e+01 1.000000000000000056e-01
2.073981293098058245e+02 3.888895655940405316e-01 1.000000000000000056e-01
2.072110584170986556e+02 1.208137796307172529e+01 1.000000000000000056e-01
2.238487105474640657e+02 8.965285548881492872e+00 1.000000000000000056e-01
2.230300073409426034e+02 2.213524818343375244e+01 1.000000000000000056e-01
2.239714184569008921e+02 9.592491427491768974e+00 1.000000000000000056e-01
2.260364663519940223e+02 4.223958770710531496e+00 1.000000000000000056e-01
2.288527162700518147e+02 2.046811241302498274e+01 1.000000000000000056e-01
2.016588811945630653e+02 1.333008588989371468e+01 1.000000000000000056e-01
2.062103897026427717e+02 1.386885131534742754e+01 1.000000000000000056e-01
2.091750629631749803e+02 2.037273298540095112e+01 1.000000000000000056e-01
2.101772972694834891e+02 6.581368213561859193e+00 1.000000000000000056e-01
2.258439660191868654e+02 2.350607228958672223e+01 1.000000000000000056e-01
2.002134463647086307e+02 1.964540285481481163e+01 1.000000000000000056e-01
2.184412751802603339e+02 1.294994098734972887e+01 1.000000000000000056e-01
2.007947650496063829e+02 1.881740907419884579e+01 1.000000000000000056e-01
2.144997491794257485e+02 4.863239468622952089e+00 1.000000000000000056e-01
2.231870883871828823e+02 2.969914087758746035e+01 1.000000000000000056e-01
2.106612169527233220e+02 3.726669784252070183e+00 1.000000000000000056e-01
2.122487803969327729e+02 2.475621358361592073e+01 1.000000000000000056e-01
2.158436250417941551e+02 8.258279826278947411e+00 1.000000000000000056e-01
2.167656525843704287e+02 8.986930117712455868e+00 1.000000000000000056e-01
2.020428553938988330e+02 1.800202427818792117e+01 1.000000000000000056e-01
2.227392527153408537e+02 2.190806022397960362e+01 1.000000000000000056e-01
2.146816027255612198e+02 1.150096014646799425e+01 1.000000000000000056e-01
2.146041253892289546e+02 2.369151566746375792e+01 1.000000000000000056e-01
2.180599229462545168e+02 3.702049073460863760e+00 1.000000000000000056e-01
2.286959638321259547e+02 2.635274307604431954e+01 1.000000000000000056e-01
2.149318200393442453e+02 1.166039128757811305e+01 1.000000000000000056e-01
2.164256756798215235e+02 1.857631093427670521e+01 1.000000000000000056e-01
2.226901282275192102e+02 8.489579743314539684e+00 1.000000000000000056e-01
2.109914370579924139e+02 1.185893480653589904e+01 1.000000000000000056e-01
2.220571258396109044e+02 1.922583953645849064e+01 1.000000000000000056e-01
2.082728544878204673e+02 1.694851642769497246e+01 1.000000000000000056e-01
2.178554105976930941e+02 4.449979987103576562e+00 1.000000000000000056e-01
2.131188335062443286e+02 2.329103195446843344e+01 1.000000000000000056e-01
2.112715096268645425e+02 1.160279151080329996e+01 1.000000000000000056e-01
2.197033868689656799e+02 2.270815488186942943e+01 1.000000000000000056e-01
2.031702987183378184e+02 1.834617257138316804e+00 1.000000000000000056e-01
2.244687433710527387e+02 1.680553746900918455e+01 1.000000000000000056e-01
2.209681338109189710e+02 1.904776168374192613e+00 1.000000000000000056e-01
2.090884098051259912e+02 4.094105034304958757e+00 1.000000000000000056e-01
2.274586889782553385e+02 1.209736976000752584e-01 1.000000000000000056e-01
2.029344803092061795e+02 1.509408674689268892e+01 1.000000000000000056e-01
2.251706371694256745e+02 2.193389575103983447e+01 1.000000000000000056e-01
2.070516261275354282e+02 2.890761237982397702e+00 1.000000000000000056e-01
2.237888697379614200e+02 2.224993040770319297e+01 1.000000000000000056e-01
2.231303465095624290e+02 2.062937850623190172e+01 1.000000000000000056e-01
2.119144468124625575e+02 2.131509014545467195e+01 1.000000000000000056e-01
2.092059191892923877e+02 7.271662633229658113e+00 1.000000000000000056e-01
2.095441989659578041e+02 1.857255149556980811e+01 1.000000000000000056e-01
2.274899999493529208e+02 1.777002330729315815e+01 1.000000000000000056e-01
2.188959321529420379e+02 2.937938425616060911e+01 1.000000000000000056e-01
2.004871835614809470e+02 1.949968258556912559e+01 1.000000000000000056e-01
2.121368594022445109e+02 2.381483005382393969e+01 1.000000000000000056e-01
2.266193213490551273e+02 2.966839520794042340e+00 1.000000000000000056e-01
2.231114349355003412e+02 7.544704870149702813e+00 1.000000000000000056e-01
2.068942723764992024e+02 6.897990485502369928e+00 1.000000000000000056e-01
2.022742137488131391e+02 1.177741260068124696e+01 1.000000000000000056e-01
2.146160717881947448e+02 1.705183149107715224e+01 1.000000000000000056e-01
2.002882778624130253e+02 1.752292974670313086e+01 1.000000000000000056e-01
2.026267490627361099e+02 1.952882053374687388e+01 1.000000000000000056e-01
2.265253301525671645e+02 9.194161706654220723e+00 1.000000000000000056e-01
2.134601028900987671e+02 2.495599394465824616e+01 1.000000000000000056e-01
2.139866321774534867e+02 2.718678313818926640e+01 1.000000000000000056e-01
2.023135447343961175e+02 2.966909081639321855e+01 1.000000000000000056e-01
2.254293559334519728e+02 1.763529097269530865e+01 1.000000000000000056e-01
2.020008950700260186e+02 2.256739299631547979e+01 1.000000000000000056e-01
2.021810119047619025e+02 1.037631326218726358e+01 1.000000000000000056e-01
2.290914648380474148e+02 2.885681835386626659e+01 1.000000000000000056e-01
2.273982196935940010e+02 2.930289845528732684e+01 1.000000000000000056e-01
2.153312616305647111e+02 2.834194340642093302e+00 1.000000000000000056e-01
2.204419478550683209e+02 1.478283886218783039e+00 1.000000000000000056e-01
2.247206036194200465e+02 1.432495816860717142e+00 1.000000000000000056e-01
2.100510961465599848e+02 2.784574057961002680e+01 1.000000000000000056e-01
2.030905204516052152e+02 2.938980294944691352e+01 1.000000000000000056e-01
2.219796137437602965e+02 2.708300851757894634e+01 1.000000000000000056e-01
2.244341498338917518e+02 2.482951785893974517e+01 1.000000000000000056e-01
2.091016201611143401e+02 1.765193551148503204e+01 1.000000000000000056e-01
2.253164097441978413e+02 1.105052783531133187e+01 1.000000000000000056e-01
2.264463963849668175e+02 3.034821205927541676e+00 1.000000000000000056e-01
2.113759264712693096e+02 4.684899287622968700e+00 1.000000000000000056e-01
2.113541756561413365e+02 2.198144976991716248e+01 1.000000000000000056e-01
2.208387948503957432e+02 6.876559513293215353e+00 1.000000000000000056e-01
2.250733105954779489e+02 8.698576184040517134e+00 1.000000000000000056e-01
2.170604330019820623e+02 1.859637524638705841e+01 1.000000000000000056e-01
2.249661371518701571e+02 4.226978828576479330e+00 1.000000000000000056e-01
2.086802354904186814e+02 1.511782571858260305e+01 1.000000000000000056e-01
2.129805460079049340e+02 1.071670036545374138e+01 1.000000000000000056e-01
2.105179648752907724e+02 4.628838132316456466e+00 1.000000000000000056e-01
2.032024800533087614e+02 5.586095359211212141e+00 1.000000000000000056e-01
2.258740571230169962e+02 2.878830912946396481e+01 1.000000000000000056e-01
2.263896924191867583e+02 1.930850921169886902e+01 1.000000000000000056e-01
2.040547556124643620e+02 5.384552941127784820e-01 1.000000000000000056e-01
2.245735890162698354e+02 7.295126824786998476e+00 1.000000000000000056e-01
2.295082112716172844e+02 2.873182703047114828e+01 1.000000000000000056e-01
2.269819723962310434e+02 1.407937054493621254e+01 1.000000000000000056e-01
2.114811676339196822e+02 8.285703092975174044e+00 1.000000000000000056e-01
2.140452570973994852e+02 2.986058313058267188e+01 1.000000000000000056e-01
2.256194473136118290e+02 1.027058496330651138e+01 1.000000000000000056e-01
2.206229299332005098e+02 1.413873126467312957e+01 1.000000000000000056e-01
2.266497956947935108e+02 2.008947727124575522e+01 1.000000000000000056e-01
2.002240541844248582e+02 5.500538141191445796e+00 1.000000000000000056e-01
2.234704026570310020e+02 2.623660397552898260e+01 1.000000000000000056e-01
2.143448349925811556e+02 9.229318673543406959e+00 1.000000000000000056e-01
2.035191168543809681e+02 1.164583099201074035e+01 1.000000000000000056e-01
2.111776003444625189e+02 3.198690361768409041e+00 1.000000000000000056e-01
2.286553800023367842e+02 1.117018175837019101e+01 1.000000000000000056e-01
2.139125975874496248e+02 5.899492059988277859e+00 1.000000000000000056e-01
2.074117472923653338e+02 1.102301767235838525e+01 1.000000000000000056e-01
2.106336736794418414e+02 2.996597594736081760e+01 1.000000000000000056e-01
2.264991186051262844e+02 1.524350058943937469e+01 1.000000000000000056e-01
2.264559225846133472e+02 2.783419739940059046e+01 1.000000000000000056e-01
2.064354921365900282e+02 2.296114226938153635e+01 1.000000000000000056e-01
2.016376556545741323e+02 7.056308684705525636e+00 1.000000000000000056e-01
2.237941509332263195e+02 1.202016336903526827e+01 1.000000000000000056e-01
2.013097113296847169e+02 5.537385641444077855e+00 1.000000000000000056e-01
2.234216885792769460e+02 1.595766166469262970e+01 1.000000000000000056e-01
2.038040717343651522e+02 2.604843569406633819e+01 1.000000000000000056e-01
2.025585187978803390e+02 2.275914136437424418e+01 1.000000000000000056e-01
2.281574115509542651e+02 3.716589645121493035e-01 1.000000000000000056e-01
2.292191184856865220e+02 2.467859553409608608e+01 1.000000000000000056e-01
2.029885672898216455e+02 2.958578802003707864e+01 1.000000000000000056e-01
2.214893913324717687e+02 2.847717513879197071e+01 1.000000000000000056e-01
2.081966683937356208e+02 1.230787092708166064e+01 1.000000000000000056e-01
2.153099928731790556e+02 1.787718288113430631e+01 1.000000000000000056e-01
2.227593272261203765e+02 8.294997597274086587e+00 1.000000000000000056e-01
2.204491623667693432e+02 1.565746908531473558e+01 1.000000000000000056e-01
2.289957008453292246e+02 1.445191011743097320e+01 1.000000000000000056e-01
2.283009674832019300e+02 1.735652384978181306e-01 1.000000000000000056e-01
2.175242929849047471e+02 9.212369609965872286e+00 1.000000000000000056e-01
2.044471001260551475e+02 4.505221067267242141e+00 1.000000000000000056e-01
2.129712197047557538e+02 1.030734074940986567e+00 1.000000000000000056e-01
2.034368911549003087e+02 2.804684751590711400e+01 1.000000000000000056e-01
2.023403379666159765e+02 9.163177409085408343e+00 1.000000000000000056e-01
2.213306044342083965e+02 6.535262408484690866e+00 1.000000000000000056e-01
2.292363959942269105e+02 1.285098752662151611e+01 1.000000000000000056e-01
2.251900483358714951e+02 2.641422968095500146e+00 1.000000000000000056e-01
2.276249963560810272e+02 3.936826846925660650e+00 1.000000000000000056e-01
2.166948448488664667e+02 1.453451141316557127e+01 1.000000000000000056e-01
2.167950498997895181e+02 2.176981740405559407e+01 1.000000000000000056e-01
2.051059149055818693e+02 2.807941830700343289e+01 1.000000000000000056e-01
2.056020562441227355e+02 1.035603888821107255e+01 1.000000000000000056e-01
2.108420981503758185e+02 2.804301530040100854e+00 1.000000000000000056e-01
2.270099292527177965e+02 1.041055956150038497e+01 1.000000000000000056e-01
2.112619071222958951e+02 3.029337418251954794e+00 1.000000000000000056e-01
2.060818127529905155e+02 2.451382987440761241e+01 1.000000000000000056e-01
2.075458177753725124e+02 1.422847595382698849e+01 1.000000000000000056e-01
2.221701071863451489e+02 1.255618392291264307e+01 1.000000000000000056e-01
2.022908298675557432e+02 2.069346904583321489e+01 1.000000000000000056e-01
2.056709556252186815e+02 5.285335215446295365e+00 1.000000000000000056e-01
2.092538547176483235e+02 1.824605743911718747e+01 1.000000000000000056e-01
2.097670733059125325e+02 2.140975352360952755e+01 1.000000000000000056e-01
2.072441948005124743e+02 2.158898089967819089e+01 1.000000000000000056e-01
2.243537312557512848e+02 2.851763514269008581e+01 1.000000000000000056e-01
2.234910185486165517e+02 2.915885531120316898e+01 1.000000000000000056e-01
2.063239994718150285e+02 6.496345397624185836e+00 1.000000000000000056e-01
2.287760885435407090e+02 1.870346585033381004e+01 1.000000000000000056e-01
2.047011885197092624e+02 2.033107874680606741e+01 1.000000000000000056e-01
2.131479536897134608e+02 8.650919543869372674e+00 1.000000000000000056e-01
2.269143060729558101e+02 6.870700006157485440e+00 1.000000000000000056e-01
2.060801705301286688e+02 4.984922256262253271e+00 1.000000000000000056e-01
2.177559544885630487e+02 2.689414397570301674e+01 1.000000000000000056e-01
2.044385787426931245e+02 2.856252091154755135e+01 1.000000000000000056e-01
2.047893311376144538e+02 8.710111727451254282e+00 1.000000000000000056e-01
2.103365346520225216e+02 8.926139511876254318e+00 1.000000000000000056e-01
2.102308593974844371e+02 1.517112929375049291e+01 1.000000000000000056e-01
2.239336995431466732e+02 3.084882509372123494e+00 1.000000000000000056e-01
2.189702172820958879e+02 1.185653069955351313e+01 1.000000000000000056e-01
2.007245793746455433e+02 1.850582954392314861e+01 1.000000000000000056e-01
2.130468129862867954e+02 4.415537804167533054e+00 1.000000000000000056e-01
2.231717898797902819e+02 2.984186029699315412e+01 1.000000000000000056e-01
2.231498616055504840e+02 1.877342701909375222e+01 1.000000000000000056e-01
2.127999726165053858e+02 8.169541655377733136e+00 1.000000000000000056e-01
2.153864329069240569e+02 2.291876832813445830e+01 1.000000000000000056e-01
2.127633051456132876e+02 3.423688835908765604e+00 1.000000000000000056e-01
2.049898572052269969e+02 1.506748471815318524e+01 1.000000000000000056e-01
2.118583903326119753e+02 3.928314728371687714e+00 1.000000000000000056e-01
2.038318896487863867e+02 6.742650644584636588e+00 1.000000000000000056e-01
2.189169432845062602e+02 2.636166209101774527e+01 1.000000000000000056e-01
2.162188298083874827e+02 9.573786435831671326e+00 1.000000000000000056e-01
2.125766297917887186e+02 2.454652515248474032e+01 1.000000000000000056e-01
2.268930590255669415e+02 1.961472816960096566e+01 1.000000000000000056e-01
2.118547347437558130e+02 5.199624975937386040e+00 1.000000000000000056e-01
2.075284311405658286e+02 1.768529261415062592e+01 1.000000000000000056e-01
2.149381161428734117e+02 4.352150656882509239e+00 1.000000000000000056e-01
2.209630237120346123e+02 2.269486984411058472e+01 1.000000000000000056e-01
2.129369785453103248e+02 2.289212178947546050e+01 1.000000000000000056e-01
2.005894210449544914e+02 2.185515624657549338e+01 1.000000000000000056e-01
2.069359561117736348e+02 1.289362166209130356e+00 1.000000000000000056e-01
2.052797772196080075e+02 2.360141356698014192e+01 1.000000000000000056e-01
2.243497470291393086e+02 1.340820311174036306e+01 1.000000000000000056e-01
2.269688449201973981e+02 8.452758247150948812e-01 1.000000000000000056e-01
2.299536059998357018e+02 3.759149475528067441e+00 1.000000000000000056e-01
2.202919746277219701e+02 2.943773217680698551e+01 1.000000000000000056e-01
2.212108075022929938e+02 1.640487818019562027e+01 1.000000000000000056e-01
2.247164999424492464e+02 2.030887959346863170e+01 1.000000000000000056e-01
2.233962367386902201e+02 2.494064825204283053e+01 1.000000000000000056e-01
2.090079914659320082e+02 1.053364427368656564e+01 1.000000000000000056e-01
2.217175552332177801e+02 1.353208457444745783e+01 1.000000000000000056e-01
2.064865097245441632e+02 2.773538946698004182e+01 1.000000000000000056e-01
2.206485019995877792e+02 2.840657331644431949e+01 1.000000000000000056e-01
2.058281122037268744e+02 1.312441909047272581e+01 1.000000000000000056e-01
2.051319469696688316e+02 6.774953175132360172e+00 1.000000000000000056e-01
2.063075142591154361e+02 7.129588724837308433e+00 1.000000000000000056e-01
2.043460126070575313e+02 2.658202780101862928e+01 1.000000000000000056e-01
2.172878099500415487e+02 1.177556578870775361e+01 1.000000000000000056e-01
2.157043435492188053e+02 1.045263903385657223e+01 1.000000000000000056e-01
2.253424131929972702e+02 4.182198305301239039e+00 1.000000000000000056e-01
2.184987820441533870e+02 9.357499518266921612e+00 1.000000000000000056e-01
2.108117114204330278e+02 1.941972555627686603e+01 1.000000000000000056e-01
2.280364337810363793e+02 2.493332301529192918e+01 1.000000000000000056e-01
2.210583002232058334e+02 1.731927351574573137e+01 1.000000000000000056e-01
2.044693441044342137e+02 2.383214449893778664e+01 1.000000000000000056e-01
2.038628306626283688e+02 6.751233178015625391e-01 1.000000000000000056e-01
2.023150758150540867e+02 2.957102342769447034e+01 1.000000000000000056e-01
2.151985405006973622e+02 2.069599456736889209e+01 1.000000000000000056e-01
2.099340099705693490e+02 1.063642146220345452e+01 1.000000000000000056e-01
2.218485691500375765e+02 1.485759548084747417e+00 1.000000000000000056e-01
2.066703161800318469e+02 6.365154867691732221e+00 1.000000000000000056e-01
2.253484021193104923e+02 5.981848012915962798e+00 1.000000000000000056e-01
2.254727732935423887e+02 9.770244190437406218e+00 1.000000000000000056e-01
2.063098918416239087e+02 9.033785711134019181e+00 1.000000000000000056e-01
2.267006405048813349e+02 2.690607956233117193e+01 1.000000000000000056e-01
2.183751836348662323e+02 1.756313364351229822e+01 1.000000000000000056e-01
2.299950609630821816e+02 1.815442841685524655e+01 1.000000000000000056e-01
2.293380858808990013e+02 1.138303621337701266e+01 1.000000000000000056e-01
2.190285675781363182e+02 1.396332342686395478e+01 1.000000000000000056e-01
2.017628537708962142e+02 2.886176201380182604e+01 1.000000000000000056e-01
2.019309058710674094e+02 2.262374872631403733e+01 1.000000000000000056e-01
2.010919891634389103e+02 1.370015058723977752e+01 1.000000000000000056e-01
2.196377624161914639e+02 1.847893141913204218e+01 1.000000000000000056e-01
2.027301415242483529e+02 2.108277436748209865e+01 1.000000000000000056e-01
2.188799688782719954e+02 1.594395639092570072e+01 1.000000000000000056e-01
2.113295794339075258e+02 1.015085947881975237e+01 1.000000000000000056e-01
2.017867326652297493e+02 1.553273670848108168e+01 1.000000000000000056e-01
2.224864025627335309e+02 5.238000976722505087e+00 1.000000000000000056e-01
2.116855061866410210e+02 1.032390200455283180e+00 1.000000000000000056e-01
2.182189817045307052e+02 6.195157894259280873e+00 1.000000000000000056e-01
2.099504846033134697e+02 2.077157046690769704e+01 1.000000000000000056e-01
2.049161094290601000e+02 1.958363470333691581e+01 1.000000000000000056e-01
2.072561464323061671e+02 1.883010805721495728e+01 1.000000000000000056e-01
2.228190578234955410e+02 4.091831135472134839e+00 1.000000000000000056e-01
2.059828996645873360e+02 1.239950615031965420e+01 1.000000000000000056e-01
2.002079230262906151e+02 1.243582934505133331e+01 1.000000000000000056e-01
2.132443402330649462e+02 1.703902899642403668e+01 1.000000000000000056e-01
2.274520872947616112e+02 1.429319137652869287e+01 1.000000000000000056e-01
2.126547902059178341e+02 2.138622641560601334e+00 1.000000000000000056e-01
2.268314105457471612e+02 1.666884528707568425e+00 1.000000000000000056e-01
2.190783071407020373e+02 2.806616649433918909e+01 1.000000000000000056e-01
2.188591537085200684e+02 2.451083011692004376e+01 1.000000000000000056e-01
2.054016223576323625e+02 1.442438546553051815e+01 1.000000000000000056e-01
2.095640193573729562e+02 8.464537185011666853e-01 1.000000000000000056e-01
2.186140476536886865e+02 1.699381127630311639e+01 1.000000000000000056e-01
2.130789897581156822e+02 2.564404843000607670e+01 1.000000000000000056e-01
2.096755089364322941e+02 1.455174053520635269e+01 1.000000000000000056e-01
2.096727777870532634e+02 2.171376008449835027e+01 1.000000000000000056e-01
2.169579281042634875e+02 5.420492115531381216e+00 1.000000000000000056e-01
2.015593719521777416e+02 2.733542021703342684e+01 1.000000000000000056e-01
2.004305328515713711e+02 9.226314676199796949e+00 1.000000000000000056e-01
2.277595797427030391e+02 2.791849188781858970e+01 1.000000000000000056e-01
2.274905017488460146e+02 2.138575839183855010e+01 1.000000000000000056e-01
2.140862763251943477e+02 5.858331241391073974e+00 1.000000000000000056e-01
2.104296846163547343e+02 1.552777988711138946e+01 1.000000000000000056e-01
2.222292225255625340e+02 2.261385491576848494e+01 1.000000000000000056e-01
2.101211899279136048e+02 1.735979049642218897e+01 1.000000000000000056e-01
2.047250338856772203e+02 3.003598592783366605e+00 1.000000000000000056e-01
2.254496852584804856e+02 5.668119374571409352e+00 1.000000000000000056e-01
2.050756883145806455e+02 1.978176930012525148e+01 1.000000000000000056e-01
2.263609503541414938e+02 6.509039502235225427e+00 1.000000000000000056e-01
2.049636060937347963e+02 2.540988019812756704e+01 1.000000000000000056e-01
2.011947944856554784e+02 1.162892600765060358e+01 1.000000000000000056e-01
2.232987885463855946e+02 7.363401762692546093e+00 1.000000000000000056e-01
2.030087446329262946e+02 1.581756492057655450e+01 1.000000000000000056e-01
2.073407848673477076e+02 1.817603066754199759e+01 1.000000000000000056e-01
2.170326292333395486e+02 2.753053202651490494e+01 1.000000000000000056e-01
2.192178157135467131e+02 8.366696575614607667e+00 1.000000000000000056e-01
2.021907098796785078e+02 7.051980768606784800e+00 1.000000000000000056e-01
2.018281909535737384e+02 1.385276795304329944e+01 1.000000000000000056e-01
2.200639102359679953e+02 2.078598970090081366e+01 1.000000000000000056e-01
2.120984089266356136e+02 4.490375712489258930e+00 1.000000000000000056e-01
2.190318109646826770e+02 9.206732804134388104e+00 1.000000000000000056e-01
2.063776809248705888e+02 1.949555842167215758e+01 1.000000000000000056e-01
2.232480422744878013e+02 2.017624024991825493e+01 1.000000000000000056e-01
2.069093212969567332e+02 2.100037977553853352e+01 1.000000000000000056e-01
2.226672641885175778e+02 2.929085737637836750e+00 1.000000000000000056e-01
2.057968441752090030e+02 3.885711497723876029e-01 1.000000000000000056e-01
2.035782454309662342e+02 2.171863918827630613e+01 1.000000000000000056e-01
2.141144616637397178e+02 2.703703756923712476e+01 1.000000000000000056e-01
2.166467276880883048e+02 2.112320883827323925e+01 1.000000000000000056e-01
2.273262857175595286e+02 2.885206467588157508e+01 1.000000000000000056e-01
2.035627428761272029e+02 2.548057737981629955e+01 1.000000000000000056e-01
2.129467757827818275e+02 1.117293443819509058e+01 1.000000000000000056e-01
2.194816299308655800e+02 2.342475381548048130e-01 1.000000000000000056e-01
2.049163095853199934e+02 1.219624351553077979e+01 1.000000000000000056e-01
2.081154366768138004e+02 2.174048246311994603e+01 1.000000000000000056e-01
2.027758723531690919e+02 2.966641985779244095e+01 1.000000000000000056e-01
2.059091816960049641e+02 2.794487592112488628e+01 1.000000000000000056e-01
2.068903395250219432e+02 2.533218155903671942e+01 1.000000000000000056e-01
2.063618912506285312e+02 1.782981227364289722e+01 1.000000000000000056e-01
2.175752896268346319e+02 1.057448282697885311e+01 1.000000000000000056e-01
2.191269292101881376e+02 2.671695818314732129e+00 1.000000000000000056e-01
2.131281206964265493e+02 2.706508313899904294e+01 1.000000000000000056e-01
2.183404831620867981e+02 2.615520041193063605e+01 1.000000000000000056e-01
2.268563959943936652e+02 2.207917866368949333e+01 1.000000000000000056e-01
2.252316379805538986e+02 1.862711167596820161e+01 1.000000000000000056e-01
2.089566943638007785e+02 1.249215035506070848e+01 1.000000000000000056e-01
2.202076835540822799e+02 1.978037925245533657e+01 1.000000000000000056e-01
2.262361153088624519e+02 2.461807236080512951e+01 1.000000000000000056e-01
2.248133437799631906e+02 2.987861670685238735e+01 1.000000000000000056e-01
2.026704810664046761e+02 2.247879724772023735e+01 1.000000000000000056e-01
2.008434874884181340e+02 8.032765232558018553e+00 1.000000000000000056e-01
2.018356502875237481e+02 1.611563477383988996e+01 1.000000000000000056e-01
2.285002592745655647e+02 1.021504014257287274e+01 1.000000000000000056e-01
2.169362918810292626e+02 8.343069104638535904e+00 1.000000000000000056e-01
2.222789707760505564e+02 1.765969471834656801e+01 1.000000000000000056e-01
2.250453224947409865e+02 2.789146734530311633e+01 1.000000000000000056e-01
2.015964646188733127e+02 1.445870169983018094e+01 1.000000000000000056e-01
2.014265624045027607e+02 9.036566801232300605e+00 1.000000000000000056e-01
2.039112346010080898e+02 7.463966806404228826e+00 1.000000000000000056e-01
2.152246332522992986e+02 9.576288156730927703e-01 1.000000000000000056e-01
2.180766045505571640e+02 8.794524771859274281e+00 1.000000000000000056e-01
2.172138504842282600e+02 5.434308604695646139e+00 1.000000000000000056e-01
2.033572467587430310e+02 1.443241385415538147e+01 1.000000000000000056e-01
2.163695892082012620e+02 2.528461464603435971e+01 1.000000000000000056e-01
2.051739185340830716e+02 1.232414622600603948e+01 1.000000000000000056e-01
2.277473364544179333e+02 2.791732384123190158e+01 1.000000000000000056e-01
2.022260589444377672e+02 1.329207035972579476e+01 1.000000000000000056e-01
2.266976229408406311e+02 1.185479740970712470e+01 1.000000000000000056e-01
2.006256341620027968e+02 1.947526899131939260e+01 1.000000000000000056e-01
2.037272975383457378e+02 9.887483273589296573e+00 1.000000000000000056e-01
2.230234680670592695e+02 1.065934206097174908e+01 1.000000000000000056e-01
2.070765257965876458e+02 7.432054821928590904e+00 1.000000000000000056e-01
2.155394987953925465e+02 2.205156009881108758e+01 1.000000000000000056e-01
2.072903935462522043e+02 1.224292842424713967e+01 1.000000000000000056e-01
2.056551271324526624e+02 8.429129835740653220e+00 1.000000000000000056e-01
2.051583410963165477e+02 5.981980392355699117e+00 1.000000000000000056e-01
2.239271125194113665e+02 1.221698252834136689e+01 1.000000000000000056e-01
2.225824038530249140e+02 2.512102456786583460e+01 1.000000000000000056e-01
2.229991418229047326e+02 2.603753442418797803e+01 1.000000000000000056e-01
2.150819463403130101e+02 2.582580989848199948e+00 1.000000000000000056e-01
2.252170749819673858e+02 4.153986917469016937e+00 1.000000000000000056e-01
2.283181791912131473e+02 1.071246668842743865e+01 1.000000000000000056e-01
2.256272168476336333e+02 1.603233993950312453e+01 1.000000000000000056e-01
2.044209358871723623e+02 5.957709453687454193e-01 1.000000000000000056e-01
2.161473359663633289e+02 4.281536389315855118e+00 1.000000000000000056e-01
2.231965167318977592e+02 1.033513711012861513e+01 1.000000000000000056e-01
2.210769698569769730e+02 6.758846270666088785e+00 1.000000000000000056e-01
2.179520828386075948e+02 1.583434128547427200e+01 1.000000000000000056e-01
2.279129016820819800e+02 1.798987798013208561e+01 1.000000000000000056e-01
2.064232844681695838e+02 9.447263480585352369e+00 1.000000000000000056e-01
2.271087238457606929e+02 5.294922596578347296e+00 1.000000000000000056e-01
2.103894587083078136e+02 2.217715198038904845e+01 1.000000000000000056e-01
2.139087930611695469e+02 2.764164960284523964e+00 1.000000000000000056e-01
2.288573597401325515e+02 2.240453701748312909e+01 1.000000000000000056e-01
2.008963938057094936e+02 1.522828252345270172e+01 1.000000000000000056e-01
2.295947897165669360e+02 1.398648905324727743e+01 1.000000000000000056e-01
2.116381908719933449e+02 9.865640219538805766e+00 1.000000000000000056e-01
2.051572863733308907e+02 1.605079688358298995e+01 1.000000000000000056e-01
2.188480543136472249e+02 1.061735432902411524e+01 1.000000000000000056e-01
2.084428005447703640e+02 9.995581208924946282e+00 1.000000000000000056e-01
2.110431763226813757e+02 7.806285549112464750e+00 1.000000000000000056e-01
2.084253979706645623e+02 1.651191882497171548e+01 1.000000000000000056e-01
2.201803834932371728e+02 9.559768411862735960e+00 1.000000000000000056e-01
2.297234738504657798e+02 4.739686229183055488e+00 1.000000000000000056e-01
2.035900884665698527e+02 2.935205325978057900e+01 1.000000000000000056e-01
2.267727277230780487e+02 5.634432455819596619e+00 1.000000000000000056e-01
2.288197129271642041e+02 2.788616027484169990e+01 1.000000000000000056e-01
2.225038399618591711e+02 1.234418956391979805e+01 1.000000000000000056e-01
2.023044784458908509e+02 2.987684312968565692e+01 1.000000000000000056e-01
2.010646709752549270e+02 2.456883000085998248e+01 1.000000000000000056e-01
2.099431686423980068e+02 5.930507336764901716e+00 1.000000000000000056e-01
2.037760975867221873e+02 1.145909063250044113e+01 1.000000000000000056e-01
2.275991515810241594e+02 5.772430506493680724e+00 1.000000000000000056e-01
2.034668321445155641e+02 1.308792279795882152e+01 1.000000000000000056e-01
2.041419878635229281e+02 2.040667834923289448e+01 1.000000000000000056e-01
2.193664335418613689e+02 4.371041040177225057e+00 1.000000000000000056e-01
2.242044457838916287e+02 1.919548359805666848e+01 1.000000000000000056e-01
2.298557404389976000e+02 6.413968773815418523e+00 1.000000000000000056e-01
2.230182028345949163e+02 4.803522761054851209e+00 1.000000000000000056e-01
2.016275702816660953e+02 1.431120729357394161e+01 1.000000000000000056e-01
2.258514638715529088e+02 3.792346163725359709e+00 1.000000000000000056e-01
2.277238687822547547e+02 2.873573809394066103e+01 1.000000000000000056e-01
2.018451101813714956e+02 2.757400514410870329e+01 1.000000000000000056e-01
2.009248230676956268e+02 3.781442735696134427e+00 1.000000000000000056e-01
2.130421775165391693e+02 1.378107920493712690e+01 1.000000000000000056e-01
2.111196246306402031e+02 2.172378580984374352e+01 1.000000000000000056e-01
2.195435009729639830e+02 6.664942048952238185e-01 1.000000000000000056e-01
2.059695310371484993e+02 2.321244426687923479e+01 1.000000000000000056e-01
2.022995027949808389e+02 1.391161487611509351e+01 1.000000000000000056e-01
2.252569569888061665e+02 2.011710213120772295e+01 1.000000000000000056e-01
2.095053851810449714e+02 2.418896352136350103e+01 1.000000000000000056e-01
2.090590050988056703e+02 2.268334553699242662e+01 1.000000000000000056e-01
2.191632005600476703e+02 3.456261394912374385e+00 1.000000000000000056e-01
2.201051491875640238e+02 4.068655003889832145e+00 1.000000000000000056e-01
2.281979459537716082e+02 9.463722645930435107e+00 1.000000000000000056e-01
2.186056575843805660e+02 1.516559738961527071e+00 1.000000000000000056e-01
2.085840318395336794e+02 7.837133939226076151e+00 1.000000000000000056e-01
2.152270183762403235e+02 1.975703646697157811e-01 1.000000000000000056e-01
2.211982573490378456e+02 2.249359753125898465e+01 1.000000000000000056e-01
2.214384694494994221e+02 2.683205899165620778e+01 1.000000000000000056e-01
2.206496985027099527e+02 1.897170805996164589e+01 1.000000000000000056e-01
2.139333672565510369e+02 2.294822514938907787e+01 1.000000000000000056e-01
2.142392660877790718e+02 2.124295289554437360e+01 1.000000000000000056e-01
2.193972120505419525e+02 2.569323819392629105e+01 1.000000000000000056e-01
2.230402496888473252e+02 1.022560806839657443e+00 1.000000000000000056e-01
2.197231474651973144e+02 2.680718557853264272e+01 1.000000000000000056e-01
2.070989021673576360e+02 1.794886104062355869e+01 1.000000000000000056e-01
2.057699705906314875e+02 2.517503980097081140e+01 1.000000000000000056e-01
2.059547758229411727e+02 7.207674706707113188e+00 1.000000000000000056e-01
2.141502606030095990e+02 7.516443407391038889e+00 1.000000000000000056e-01
2.158537411663486409e+02 1.977346394143583552e+01 1.000000000000000056e-01
2.148923877525988360e+02 9.084468018457293681e+00 1.000000000000000056e-01
2.100548760760365781e+02 1.385215181497926196e+01 1.000000000000000056e-01
2.244024215899743524e+02 2.036675710515902082e+01 1.000000000000000056e-01
2.132306451620497114e+02 1.755881496627819160e+01 1.000000000000000056e-01
2.274813462228865433e+02 2.250769115333248038e+01 1.000000000000000056e-01
2.117899935740281876e+02 1.209113228977887466e+01 1.000000000000000056e-01
2.144748044779462361e+02 2.295336209015765050e+01 1.000000000000000056e-01
2.274935747564027224e+02 1.880175494276633552e+00 1.000000000000000056e-01
2.006677307541013704e+02 1.055328346425717712e+01 1.000000000000000056e-01
2.293119443808039648e+02 2.398350416856194300e+01 1.000000000000000056e-01
2.209645480787948770e+02 2.155257379697114395e+00 1.000000000000000056e-01
2.132491080569462270e+02 8.211672870571986138e+00 1.000000000000000056e-01
2.110522360679572671e+02 1.128185278997490038e+01 1.000000000000000056e-01
2.279310883431382990e+02 1.471262661051160059e+01 1.000000000000000056e-01
2.191051482474764214e+02 2.761441772775696180e+01 1.000000000000000056e-01
2.172783556287252225e+02 7.930320400852592044e+00 1.000000000000000056e-01
2.059060737910782279e+02 5.444578268131219367e+00 1.000000000000000056e-01
2.148427813650654912e+02 1.196966948044682688e+01 1.000000000000000056e-01
2.164121790275406170e+02 2.169477828090605520e+00 1.000000000000000056e-01
2.106708328028552160e+02 2.047326523060082337e+01 1.000000000000000056e-01
2.254080174973082080e+02 1.807629912379086790e+01 1.000000000000000056e-01
2.254813896773914337e+02 1.144566931501392837e+01 1.000000000000000056e-01
2.167868011279668963e+02 1.795845346206400572e+00 1.000000000000000056e-01
2.134660204583734924e+02 1.615120561134222754e+01 1.000000000000000056e-01
2.180494773634463854e+02 9.015464946811505342e+00 1.000000000000000056e-01
2.221503789026103846e+02 1.549382089378611838e+01 1.000000000000000056e-01
2.257186032948519880e+02 8.060495557135492817e+00 1.000000000000000056e-01
2.261085338554214843e+02 1.699536288984810284e+01 1.000000000000000056e-01
2.072727399901160652e+02 2.573307611640375470e+01 1.000000000000000056e-01
2.215480159810531973e+02 1.258870271406220454e+01 1.000000000000000056e-01
2.090769105277447011e+02 2.936496526906010374e+01 1.000000000000000056e-01
2.053005849457412637e+02 2.850952532051366006e+01 1.000000000000000056e-01
2.068033863511927848e+02 1.267056812219129469e+00 1.000000000000000056e-01
2.136217513949717670e+02 2.322633571368196570e+01 1.000000000000000056e-01
2.165149675055235434e+02 1.471556266048403216e+01 1.000000000000000056e-01
2.065359284916364118e+02 3.462599952310646323e+00 1.000000000000000056e-01
2.292695837502343750e+02 2.887371264816831484e+01 1.000000000000000056e-01
2.265181770347861345e+02 1.569252814262254958e+01 1.000000000000000056e-01
2.232254076533990883e+02 1.434161649310276054e+01 1.000000000000000056e-01
2.261874189155990393e+02 1.589092258394789603e+01 1.000000000000000056e-01
2.061701895851797133e+02 1.537439853211163410e+01 1.000000000000000056e-01
2.195892349273699722e+02 2.845374399653679376e+01 1.000000000000000056e-01
2.253525675439124143e+02 1.461679352607059812e+01 1.000000000000000056e-01
2.134869022133495946e+02 2.818193092768072461e+01 1.000000000000000056e-01
2.032286725603091497e+02 1.225934309450709314e+01 1.000000000000000056e-01
2.229779371812581701e+02 2.475878941010502388e+01 1.000000000000000056e-01
2.192599733302091067e+02 2.202209103750634611e+01 1.000000000000000056e-01
2.195994664376206629e+02 2.038582266859613767e+01 1.000000000000000056e-01
2.292571841361271936e+02 6.754632149554304910e+00 1.000000000000000056e-01
2.113390827583591545e+02 2.334604322302562807e+01 1.000000000000000056e-01
2.239492935747036313e+02 6.377142459749586934e+00 1.000000000000000056e-01
2.085604219085068678e+02 2.423261929792578151e+00 1.000000000000000056e-01
2.207328835211637852e+02 2.882887842681365953e+01 1.000000000000000056e-01
2.255543724147227351e+02 2.318587210563518042e+01 1.000000000000000056e-01
2.291388822456231935e+02 2.339098027472105201e+01 1.000000000000000056e-01
2.018154461105976054e+02 2.100597023539096497e+01 1.000000000000000056e-01
2.144123463024426712e+02 4.987283857241645357e+00 1.000000000000000056e-01
2.289088767789544363e+02 1.380081433601786323e+01 1.000000000000000056e-01
2.190057591500932688e+02 1.675643889120570407e+01 1.000000000000000056e-01
2.245410000066439977e+02 1.799592887379233730e+01 1.000000000000000056e-01
2.108572017021816976e+02 7.014005585195103087e+00 1.000000000000000056e-01
2.087784525096379866e+02 2.386766874812114381e+01 1.000000000000000056e-01
2.296526936229412286e+02 2.376206475860017875e+01 1.000000000000000056e-01
2.230463573555231278e+02 1.713323631100672273e+01 1.000000000000000056e-01
2.280708219850828868e+02 1.839124445230986993e+01 1.000000000000000056e-01
2.257822050169466479e+02 1.100358932906778620e+01 1.000000000000000056e-01
2.065242198126889832e+02 2.975313519636847559e+01 1.000000000000000056e-01
2.057904460122954049e+02 8.813827502590354968e+00 1.000000000000000056e-01
2.181904353441973399e+02 8.354792589445088069e+00 1.000000000000000056e-01
2.061840199944616074e+02 1.074108539456422662e+01 1.000000000000000056e-01
2.085261791359275492e+02 1.687486091846427527e+01 1.000000000000000056e-01
2.113160265963364282e+02 7.676872980866412455e+00 1.000000000000000056e-01
2.130402486899456846e+02 1.633171795161022288e+01 1.000000000000000056e-01
2.153740647449709513e+02 2.363341151002294538e+01 1.000000000000000056e-01
2.107155418996244407e+02 2.805102098967977398e+01 1.000000000000000056e-01
2.028262492899262384e+02 1.959946954878374470e+01 1.000000000000000056e-01
2.040699031387082414e+02 2.750215099766029070e-03 1.000000000000000056e-01
2.241647321334416176e+02 1.001909830281800140e+01 1.000000000000000056e-01
2.210634995435619885e+02 2.057547387813750817e+01 1.000000000000000056e-01
2.197169135327320362e+02 1.525897115294734085e+01 1.000000000000000056e-01
2.262359202787242225e+02 2.136475156159902511e+01 1.000000000000000056e-01
2.220307534115067654e+02 2.248124470881627257e+00 1.000000000000000056e-01
2.027207737207340301e+02 2.066858803987460647e+01 1.000000000000000056e-01
2.207781639502610176e+02 1.048670760241558320e+01 1.000000000000000056e-01
2.212516389330124866e+02 2.141255583908975524e+01 1.000000000000000056e-01
2.191798917743357151e+02 2.762996596224360779e+00 1.000000000000000056e-01
2.001385209948646491e+02 1.978704570561328779e+01 1.000000000000000056e-01
2.173116812573011316e+02 1.495748515500501874e+01 1.000000000000000056e-01
2.035427274783491782e+02 1.729271044726605666e+01 1.000000000000000056e-01
2.221167141510268834e+02 2.092317845594928016e+01 1.000000000000000056e-01
2.240850280576680973e+02 1.345858521744022163e+01 1.000000000000000056e-01
2.239167436002222189e+02 1.168706130131708498e+01 1.000000000000000056e-01
2.172826835464722706e+02 4.196534548935646924e+00 1.000000000000000056e-01
2.065895108436241685e+02 5.026108441546328631e-01 1.000000000000000056e-01
2.205187619114587108e+02 2.239988155636655520e+01 1.000000000000000056e-01
2.294138164202154258e+02 2.702682875616138958e+01 1.000000000000000056e-01
2.217220073991937568e+02 6.548823241184320576e-01 1.000000000000000056e-01
2.199629787782062067e+02 6.917740289118473385e+00 1.000000000000000056e-01
2.099822146472766633e+02 1.267923152571917278e+01 1.000000000000000056e-01
2.003065479422330100e+02 1.512681328701168226e+01 1.000000000000000056e-01
2.128352975566627094e+02 2.113248642814931344e+01 1.000000000000000056e-01
2.159582445470762480e+02 2.078882537992919666e+01 1.000000000000000056e-01
2.184652451899154357e+02 2.470176533998335699e+01 1.000000000000000056e-01
2.211181529653886173e+02 2.579631849275539324e+01 1.000000000000000056e-01
2.153291735292243061e+02 2.961276259423692991e+01 1.000000000000000056e-01
2.274229757451675766e+02 2.475650485656046129e+01 1.000000000000000056e-01
2.107443042209324346e+02 1.960939246139863457e+01 1.000000000000000056e-01
2.234468503706691536e+02 4.348141240102324723e+00 1.000000000000000056e-01
2.293753778923444031e+02 2.293105364516819122e+01 1.000000000000000056e-01
2.253120758822868765e+02 1.126158650441472631e+01 1.000000000000000056e-01
2.037835313063839351e+02 1.426471872258300699e+01 1.000000000000000056e-01
2.291526384457701511e+02 1.367730939692874870e+01 1.000000000000000056e-01
2.009260639754906208e+02 1.720795531379363297e+01 1.000000000000000056e-01
2.090368167897154592e+02 2.980710982768307815e+00 1.000000000000000056e-01
2.276147111761583517e+02 3.977003413605143756e+00 1.000000000000000056e-01
2.129485719125236756e+02 5.652335374774555277e+00 1.000000000000000056e-01
2.266480261567692196e+02 1.054071900922498273e+01 1.000000000000000056e-01
2.291410758971510404e+02 1.906060920599874464e+01 1.000000000000000056e-01
2.298872613081108227e+02 2.140718322480893221e+01 1.000000000000000056e-01
2.256540560002452480e+02 1.912411600978229842e+01 1.000000000000000056e-01
2.211968914743984271e+02 7.901806209759547173e+00 1.000000000000000056e-01
2.205764276605661678e+02 9.602314098393383013e-01 1.000000000000000056e-01
2.151271428869319493e+02 1.309184709992740103e+01 1.000000000000000056e-01
2.160963569715980270e+02 1.614088112731251101e+01 1.000000000000000056e-01
2.078417071870828181e+02 1.719958864750646965e+00 1.000000000000000056e-01
2.230216100116822417e+02 2.086690387950198566e+00 1.000000000000000056e-01
2.190218143648079092e+02 2.408389567170616985e+01 1.000000000000000056e-01
2.108539793304263981e+02 5.895305045506628261e+00 1.000000000000000056e-01
2.127864764021143458e+02 1.627749831671799186e+01 1.000000000000000056e-01
2.072149815057751994e+02 1.238549036442868001e+01 1.000000000000000056e-01
2.145494950832641621e+02 1.302085982751492566e+01 1.000000000000000056e-01
2.152197850237063790e+02 7.271483221279905429e+00 1.000000000000000056e-01
2.277052085001604667e+02 3.103102393061807351e-01 1.000000000000000056e-01
2.038697924353654116e+02 8.037068186665464964e+00 1.000000000000000056e-01
2.281491384461255905e+02 9.206678682131506974e+00 1.000000000000000056e-01
2.085481677257288311e+02 6.686504302097430852e+00 1.000000000000000056e-01
2.096461778490781001e+02 7.906029953079665162e+00 1.000000000000000056e-01
2.240180945430695090e+02 1.432749071184361256e+01 1.000000000000000056e-01
2.057457996630483876e+02 6.702219505595408133e-01 1.000000000000000056e-01
2.226177761467227754e+02 1.389820282068215107e+01 1.000000000000000056e-01
2.277497952263283878e+02 6.345212269324658649e+00 1.000000000000000056e-01
2.006405952906400785e+02 3.594426884024929159e+00 1.000000000000000056e-01
2.280726475170318110e+02 1.440015304358250958e+01 1.000000000000000056e-01
2.203286254655592984e+02 2.165960948410717890e+01 1.000000000000000056e-01
2.285175309148600320e+02 7.082279171882809976e+00 1.000000000000000056e-01
